-116.88 33.4
-116.88 33.42
-116.88 33.44
-116.88 33.46
-116.88 33.48
-116.88 33.5
-116.88 33.52
-116.88 33.54
-116.88 33.56
-116.86 33.4
-116.86 33.42
-116.86 33.44
-116.86 33.46
-116.86 33.48
-116.86 33.5
-116.86 33.52
-116.86 33.54
-116.86 33.56
-116.84 33.4
-116.84 33.42
-116.84 33.44
-116.84 33.46
-116.84 33.48
-116.84 33.5
-116.84 33.52
-116.84 33.54
-116.84 33.56
-116.82 33.4
-116.82 33.42
-116.82 33.44
-116.82 33.46
-116.82 33.48
-116.82 33.5
-116.82 33.52
-116.82 33.54
-116.82 33.56
-116.8 33.4
-116.8 33.42
-116.8 33.44
-116.8 33.46
-116.8 33.48
-116.8 33.5
-116.8 33.52
-116.8 33.54
-116.8 33.56
-116.78 33.4
-116.78 33.42
-116.78 33.44
-116.78 33.46
-116.78 33.48
-116.78 33.5
-116.78 33.52
-116.78 33.54
-116.78 33.56
-116.76 33.4
-116.76 33.42
-116.76 33.44
-116.76 33.46
-116.76 33.48
-116.76 33.5
-116.76 33.52
-116.76 33.54
-116.76 33.56
-116.74 33.4
-116.74 33.42
-116.74 33.44
-116.74 33.46
-116.74 33.48
-116.74 33.5
-116.74 33.52
-116.74 33.54
-116.74 33.56
-116.72 33.4
-116.72 33.42
-116.72 33.44
-116.72 33.46
-116.72 33.48
-116.72 33.5
-116.72 33.52
-116.72 33.54
-116.72 33.56
