2018-08-15T00:22:25.21 33.52 -116.74 17.5 6.5916590393E-03 6.5916590393E-02 120 60 0 7.6494693756E-02
2018-08-15T00:28:21.99 33.52 -116.74 7.5 6.6854739562E-03 6.6854737699E-02 30 60 -30 8.3943486214E-02
2018-08-15T00:35:51.4 33.5 -116.78 7.5 6.5744300373E-03 6.5744303167E-02 150 60 -30 7.8944027424E-02
2018-08-15T00:39:59.73 33.5 -116.76 17.5 6.3973637298E-03 6.3973635435E-02 60 90 0 7.4324704707E-02
2018-08-15T00:48:54.49 33.56 -116.72 7.5 6.8445219658E-03 6.8445220590E-02 90 60 30 9.8969191313E-02
2018-08-15T01:16:16.84 33.56 -116.72 7.5 6.6650747322E-03 6.6650748253E-02 90 30 0 8.1014618278E-02
2018-08-15T01:17:23.3 33.52 -116.76 2.5 7.1342508309E-03 7.1342505515E-02 30 90 -60 9.3589276075E-02
2018-08-15T01:20:17.3 33.5 -116.78 7.5 6.9431029260E-03 6.9431029260E-02 0 60 -30 9.0369336307E-02
2018-08-15T01:20:55.05 33.52 -116.78 2.5 7.1775885299E-03 7.1775883436E-02 90 60 30 8.8827408850E-02
2018-08-15T01:27:06.52 33.56 -116.72 2.5 6.7734206095E-03 6.7734204233E-02 210 60 30 7.8774981201E-02
2018-08-15T01:27:42.81 33.52 -116.82 12.5 6.7271217704E-03 6.7271217704E-02 150 60 -90 8.8985249400E-02
2018-08-15T01:29:01.5 33.52 -116.78 2.5 7.3061008006E-03 7.3061004281E-02 120 30 0 9.9968388677E-02
2018-08-15T01:29:45.24 33.48 -116.76 7.5 6.7921187729E-03 6.7921191454E-02 30 90 -60 8.7018385530E-02
2018-08-15T01:30:02.68 33.5 -116.8 7.5 7.0354794152E-03 7.0354796946E-02 330 30 -60 8.4946587682E-02
2018-08-15T01:30:16.62 33.52 -116.72 12.5 6.4974403940E-03 6.4974404871E-02 30 60 60 8.7761372328E-02
2018-08-15T01:30:27.83 33.5 -116.74 7.5 6.6296253353E-03 6.6296249628E-02 60 30 -30 7.5218215585E-02
2018-08-15T01:31:16 33.52 -116.78 17.5 6.3354917802E-03 6.3354916871E-02 120 60 90 9.4764970243E-02
2018-08-15T01:31:53.95 33.52 -116.76 2.5 6.7818588577E-03 6.7818589509E-02 150 90 -30 9.4180904329E-02
2018-08-15T01:32:14.34 33.54 -116.76 7.5 6.7325588316E-03 6.7325592041E-02 90 30 30 1.0950937867E-01
2018-08-15T01:32:40.55 33.56 -116.72 12.5 6.5952632576E-03 6.5952628851E-02 60 30 -60 9.4648435712E-02
2018-08-15T01:33:06.6 33.5 -116.78 7.5 6.9431029260E-03 6.9431029260E-02 0 60 -30 9.3410618603E-02
2018-08-15T01:33:28.53 33.56 -116.74 12.5 6.6500026733E-03 6.6500023007E-02 150 30 90 8.9609377086E-02
2018-08-15T01:33:42.32 33.46 -116.74 2.5 7.1478066966E-03 7.1478068829E-02 300 60 -60 8.7243527174E-02
2018-08-15T01:34:20.21 33.5 -116.82 7.5 6.7659122869E-03 6.7659124732E-02 330 30 30 8.5376687348E-02
2018-08-15T01:34:41.48 33.5 -116.76 17.5 6.7488010973E-03 6.7488014698E-02 60 30 90 9.1292165220E-02
2018-08-15T01:35:08.21 33.46 -116.82 12.5 6.6820033826E-03 6.6820032895E-02 0 90 -60 9.2721998692E-02
2018-08-15T01:36:04.67 33.54 -116.78 7.5 6.7344047129E-03 6.7344047129E-02 120 60 0 8.8023737073E-02
2018-08-15T01:36:24.45 33.54 -116.8 12.5 6.5919989720E-03 6.5919987857E-02 150 60 -60 8.9778915048E-02
2018-08-15T01:37:04.14 33.48 -116.76 7.5 6.6450042650E-03 6.6450044513E-02 120 60 -30 9.2574514449E-02
2018-08-15T01:37:32.7 33.5 -116.78 7.5 6.9708074443E-03 6.9708071649E-02 90 30 0 1.0358831286E-01
2018-08-15T01:37:46.29 33.52 -116.74 7.5 6.6854739562E-03 6.6854737699E-02 30 60 -30 8.8060930371E-02
2018-08-15T01:37:58.58 33.52 -116.76 7.5 6.8169869483E-03 6.8169869483E-02 330 60 0 8.3764523268E-02
2018-08-15T01:38:14.55 33.5 -116.78 7.5 6.7983875051E-03 6.7983873188E-02 150 60 90 9.8895221949E-02
2018-08-15T01:38:41.34 33.5 -116.88 7.5 6.6373031586E-03 6.6373035312E-02 120 90 -60 8.5862353444E-02
2018-08-15T01:39:13.25 33.52 -116.76 2.5 6.7818588577E-03 6.7818589509E-02 150 90 -30 9.4469793141E-02
2018-08-15T01:39:39.88 33.46 -116.8 17.5 6.6884360276E-03 6.6884361207E-02 60 30 -30 8.4866710007E-02
2018-08-15T01:40:06.64 33.54 -116.74 12.5 6.4686904661E-03 6.4686901867E-02 90 30 -90 1.0119773448E-01
2018-08-15T01:40:48.13 33.54 -116.74 17.5 6.6684065387E-03 6.6684067249E-02 180 30 -30 8.8720068336E-02
2018-08-15T01:41:16.28 33.52 -116.76 7.5 6.7265373655E-03 6.7265376449E-02 90 60 0 9.2018574476E-02
2018-08-15T01:41:47.85 33.44 -116.8 17.5 6.5330732614E-03 6.5330728889E-02 210 30 30 7.6679185033E-02
2018-08-15T01:42:09.64 33.52 -116.74 7.5 6.5359594300E-03 6.5359592438E-02 210 30 0 7.5017228723E-02
2018-08-15T01:42:32.72 33.52 -116.8 7.5 6.8750376813E-03 6.8750374019E-02 120 60 60 9.5148414373E-02
2018-08-15T01:42:48.72 33.48 -116.78 2.5 7.2838184424E-03 7.2838187218E-02 0 90 -60 9.2979788780E-02
2018-08-15T01:43:19.14 33.5 -116.78 17.5 6.5307323821E-03 6.5307326615E-02 0 60 -30 8.6275696754E-02
2018-08-15T01:44:11.06 33.48 -116.8 2.5 6.8715228699E-03 6.8715229630E-02 120 90 -60 8.5457444191E-02
2018-08-15T01:44:44.91 33.4 -116.74 12.5 6.8868128583E-03 6.8868130445E-02 60 90 60 7.6012127101E-02
2018-08-15T01:45:55.68 33.52 -116.78 7.5 6.7062294111E-03 6.7062295973E-02 60 30 90 8.9475378394E-02
2018-08-15T01:46:33.64 33.44 -116.78 7.5 6.9114142098E-03 6.9114141166E-02 150 30 60 8.8779255748E-02
2018-08-15T01:46:57.51 33.52 -116.74 17.5 6.8085039966E-03 6.8085037172E-02 0 30 90 1.0854020715E-01
2018-08-15T01:47:41.89 33.52 -116.76 12.5 6.6461414099E-03 6.6461414099E-02 0 60 0 9.5326133072E-02
2018-08-15T01:48:23.71 33.48 -116.8 2.5 7.1442755871E-03 7.1442753077E-02 0 30 30 1.0554755479E-01
2018-08-15T01:49:13.75 33.5 -116.74 12.5 6.7460709251E-03 6.7460708320E-02 180 30 -60 9.2737294734E-02
2018-08-15T01:49:30.04 33.56 -116.72 7.5 6.6650747322E-03 6.6650748253E-02 90 30 0 8.8882833719E-02
2018-08-15T01:49:52.73 33.52 -116.76 7.5 6.7104962654E-03 6.7104965448E-02 60 30 -30 7.5255997479E-02
2018-08-15T01:50:14.93 33.54 -116.76 12.5 6.4130001701E-03 6.4130000770E-02 300 30 60 7.6584815979E-02
2018-08-15T01:51:16.84 33.48 -116.76 12.5 6.8468479440E-03 6.8468481302E-02 90 60 0 7.5635284185E-02
2018-08-15T01:51:53.25 33.54 -116.8 12.5 6.8311318755E-03 6.8311318755E-02 270 30 30 1.0131208599E-01
2018-08-15T01:52:10.8 33.52 -116.74 12.5 6.6103688441E-03 6.6103689373E-02 0 30 0 9.4413511455E-02
2018-08-15T01:52:27.8 33.5 -116.78 7.5 6.7571117543E-03 6.7571118474E-02 30 90 -30 8.2787409425E-02
2018-08-15T01:53:14.69 33.52 -116.76 12.5 6.6433260217E-03 6.6433258355E-02 150 90 60 8.0363616347E-02
2018-08-15T01:53:38.09 33.54 -116.74 12.5 6.4686904661E-03 6.4686901867E-02 90 30 -90 9.7204200923E-02
2018-08-15T01:56:34.89 33.52 -116.8 2.5 7.1781938896E-03 7.1781940758E-02 0 30 30 9.6751637757E-02
2018-08-15T01:58:15.34 33.52 -116.76 12.5 6.5608285367E-03 6.5608285367E-02 300 30 0 1.0878291726E-01
2018-08-15T01:58:31.63 33.5 -116.78 2.5 7.1514230222E-03 7.1514233947E-02 90 90 30 8.0438151956E-02
2018-08-15T01:58:44.1 33.52 -116.78 2.5 7.1301772259E-03 7.1301773190E-02 120 30 30 1.0342238843E-01
2018-08-15T01:58:59.57 33.48 -116.88 2.5 6.9110859185E-03 6.9110855460E-02 0 30 60 9.3720912933E-02
2018-08-15T01:59:12.14 33.52 -116.76 12.5 6.5306443721E-03 6.5306439996E-02 270 60 -30 8.9757405221E-02
2018-08-15T01:59:52.74 33.48 -116.78 7.5 6.8740271963E-03 6.8740271032E-02 60 30 -30 9.4532519579E-02
2018-08-15T02:00:16.44 33.54 -116.74 12.5 6.6531496122E-03 6.6531494260E-02 0 60 0 1.1424507201E-01
2018-08-15T02:00:40.08 33.48 -116.8 7.5 6.9213300012E-03 6.9213300943E-02 150 60 -60 8.0276869237E-02
2018-08-15T02:01:13.03 33.5 -116.8 7.5 7.0354794152E-03 7.0354796946E-02 330 30 -60 1.0693881661E-01
2018-08-15T02:01:39.89 33.44 -116.82 7.5 6.4916918054E-03 6.4916916192E-02 90 90 -60 7.6225534081E-02
2018-08-15T02:02:17.13 33.52 -116.84 2.5 6.9452174939E-03 6.9452174008E-02 60 30 0 8.4546864033E-02
2018-08-15T02:02:29.7 33.5 -116.78 7.5 6.7835897207E-03 6.7835897207E-02 30 60 0 9.3124009669E-02
2018-08-15T02:03:13.06 33.52 -116.74 17.5 6.8085039966E-03 6.8085037172E-02 0 30 90 1.1387506872E-01
2018-08-15T02:04:04.5 33.56 -116.72 12.5 6.4756879583E-03 6.4756877720E-02 120 60 -30 1.0534228384E-01
2018-08-15T02:04:15.95 33.44 -116.74 2.5 6.6853454337E-03 6.6853456199E-02 180 60 0 8.1884369254E-02
2018-08-15T02:04:48.99 33.48 -116.72 2.5 7.1294372901E-03 7.1294374764E-02 120 90 60 1.0176586360E-01
2018-08-15T02:05:50.09 33.48 -116.78 12.5 6.7535894923E-03 6.7535892129E-02 0 90 -60 9.3907535076E-02
2018-08-15T02:08:09.65 33.5 -116.78 12.5 6.7122476175E-03 6.7122474313E-02 330 60 60 8.9964866638E-02
2018-08-15T02:08:41.63 33.5 -116.78 2.5 6.9321817718E-03 6.9321818650E-02 180 30 0 9.2502251267E-02
2018-08-15T02:10:35.59 33.56 -116.72 7.5 6.8754744716E-03 6.8754747510E-02 240 30 0 8.2868918777E-02
2018-08-15T02:11:23.11 33.46 -116.82 12.5 6.3649546355E-03 6.3649550080E-02 240 60 60 7.8893378377E-02
2018-08-15T02:11:49.18 33.48 -116.8 7.5 6.9262082689E-03 6.9262079895E-02 120 90 -30 9.2557825148E-02
2018-08-15T02:12:21 33.52 -116.82 17.5 6.4441896975E-03 6.4441896975E-02 90 60 -60 1.0187573731E-01
2018-08-15T02:13:07.2 33.54 -116.78 12.5 6.4921136945E-03 6.4921140671E-02 150 60 -90 7.1765579283E-02
2018-08-15T02:16:04.51 33.54 -116.78 2.5 7.0415437222E-03 7.0415437222E-02 210 30 -30 9.8131038249E-02
2018-08-15T02:17:15.64 33.46 -116.76 2.5 7.0082023740E-03 7.0082023740E-02 90 30 30 8.8606223464E-02
2018-08-15T02:17:41.8 33.44 -116.86 7.5 6.6427467391E-03 6.6427469254E-02 90 90 -60 8.5006013513E-02
2018-08-15T02:18:25.1 33.5 -116.78 7.5 6.6709388047E-03 6.6709384322E-02 150 30 0 8.2664832473E-02
2018-08-15T02:19:29.07 33.48 -116.8 17.5 6.6797779873E-03 6.6797778010E-02 0 90 -30 8.5522808135E-02
2018-08-15T02:20:20.4 33.5 -116.78 7.5 6.7835897207E-03 6.7835897207E-02 30 60 0 8.8408917189E-02
2018-08-15T02:21:26.1 33.56 -116.72 12.5 6.3510043547E-03 6.3510045409E-02 270 30 -60 7.0545867085E-02
2018-08-15T02:21:41.22 33.54 -116.72 7.5 6.7496318370E-03 6.7496314645E-02 210 30 -60 8.3353757858E-02
2018-08-15T02:22:37.08 33.54 -116.82 12.5 6.6749346443E-03 6.6749349236E-02 90 90 -60 7.4438653886E-02
2018-08-15T02:23:22.29 33.52 -116.74 2.5 7.1525834501E-03 7.1525834501E-02 150 30 90 1.1749508232E-01
2018-08-15T02:26:42.04 33.5 -116.76 2.5 7.2286068462E-03 7.2286069393E-02 30 90 -30 8.9775912464E-02
2018-08-15T02:28:19.98 33.52 -116.76 7.5 6.6766650416E-03 6.6766649485E-02 90 90 0 8.6645662785E-02
2018-08-15T02:28:35.61 33.5 -116.8 2.5 6.7083686590E-03 6.7083686590E-02 120 90 30 9.9183909595E-02
2018-08-15T02:28:58.59 33.56 -116.72 7.5 6.7277345806E-03 6.7277342081E-02 240 60 0 9.7031272948E-02
2018-08-15T02:29:20.23 33.54 -116.72 2.5 7.0288460702E-03 7.0288464427E-02 30 60 90 7.8490741551E-02
2018-08-15T02:30:31.69 33.54 -116.74 12.5 6.5212505870E-03 6.5212503076E-02 120 60 -30 9.3900740147E-02
2018-08-15T02:31:05.86 33.54 -116.78 2.5 7.0012933575E-03 7.0012934506E-02 90 90 -60 8.4826976061E-02
2018-08-15T02:31:22.92 33.5 -116.86 17.5 6.4276587218E-03 6.4276590943E-02 210 60 -60 7.5166821480E-02
2018-08-15T02:31:52.3 33.52 -116.78 12.5 6.6367289983E-03 6.6367290914E-02 120 90 30 9.4924911857E-02
2018-08-15T02:32:36.46 33.56 -116.74 17.5 6.9613438100E-03 6.9613441825E-02 150 30 60 7.7522262931E-02
2018-08-15T02:36:32.17 33.54 -116.8 2.5 6.7788721062E-03 6.7788720131E-02 60 60 -60 7.4725985527E-02
2018-08-15T02:36:46.41 33.48 -116.72 7.5 6.6886888817E-03 6.6886886954E-02 210 60 60 8.1105098128E-02
2018-08-15T02:37:09.67 33.48 -116.78 2.5 7.0667117834E-03 7.0667117834E-02 120 60 -30 9.3135803938E-02
2018-08-15T02:37:40.41 33.52 -116.72 17.5 6.8254373036E-03 6.8254373968E-02 0 30 60 9.7403652966E-02
2018-08-15T02:37:55.63 33.54 -116.72 17.5 6.7607583478E-03 6.7607581615E-02 120 90 60 8.7648212910E-02
2018-08-15T02:38:24.25 33.5 -116.78 7.5 6.7701833323E-03 6.7701831460E-02 180 60 -30 9.7850628197E-02
2018-08-15T02:38:37.88 33.5 -116.8 7.5 7.0260744542E-03 7.0260748267E-02 120 60 -90 1.0041085631E-01
2018-08-15T02:38:51.79 33.5 -116.76 7.5 6.7068310454E-03 6.7068308592E-02 90 90 0 9.1248348355E-02
2018-08-15T02:39:08.5 33.5 -116.78 7.5 6.7618959583E-03 6.7618958652E-02 30 90 0 9.5853477716E-02
2018-08-15T02:39:38.25 33.5 -116.78 7.5 6.8076541647E-03 6.8076543510E-02 0 30 -30 7.8302443027E-02
2018-08-15T02:40:15.05 33.54 -116.78 12.5 6.7781023681E-03 6.7781023681E-02 120 30 60 8.8331602514E-02
2018-08-15T02:40:46.41 33.5 -116.8 2.5 6.7083686590E-03 6.7083686590E-02 120 90 30 9.5335952938E-02
2018-08-15T02:41:20.53 33.5 -116.84 17.5 6.6193724051E-03 6.6193722188E-02 90 30 90 7.4385464191E-02
2018-08-15T02:43:07.66 33.48 -116.74 7.5 6.6757723689E-03 6.6757723689E-02 180 30 0 9.1008931398E-02
2018-08-15T02:44:18 33.52 -116.78 2.5 7.1320929565E-03 7.1320928633E-02 90 30 -30 1.0049629211E-01
2018-08-15T02:44:30.19 33.48 -116.76 12.5 6.5962821245E-03 6.5962821245E-02 180 60 -30 7.6951816678E-02
2018-08-15T02:45:07.59 33.5 -116.76 7.5 6.6801151261E-03 6.6801153123E-02 270 60 60 9.0886995196E-02
2018-08-15T02:46:02.26 33.5 -116.8 2.5 6.7083686590E-03 6.7083686590E-02 120 90 30 9.0273730457E-02
2018-08-15T02:46:12.9 33.56 -116.72 12.5 6.4091868699E-03 6.4091868699E-02 270 60 -30 7.5754046440E-02
2018-08-15T02:47:04.04 33.54 -116.74 12.5 6.5434733406E-03 6.5434731543E-02 300 30 -60 8.2153744996E-02
2018-08-15T02:48:19.6 33.5 -116.78 7.5 6.7997812293E-03 6.7997813225E-02 210 60 30 7.7068999410E-02
2018-08-15T02:48:32.23 33.54 -116.76 12.5 6.6904202104E-03 6.6904202104E-02 300 60 0 7.6783634722E-02
2018-08-15T02:49:46.42 33.54 -116.78 17.5 6.3668843359E-03 6.3668847084E-02 60 90 30 9.5069117844E-02
2018-08-15T02:51:13.28 33.52 -116.78 7.5 6.5737687983E-03 6.5737687051E-02 180 30 0 7.4335157871E-02
2018-08-15T02:51:33.3 33.5 -116.78 7.5 6.8379268050E-03 6.8379268050E-02 120 30 60 8.5381485522E-02
2018-08-15T02:51:48.51 33.54 -116.72 12.5 6.4742374234E-03 6.4742371440E-02 30 30 -90 1.0537587851E-01
2018-08-15T02:52:11.6 33.56 -116.72 12.5 6.6351564601E-03 6.6351562738E-02 120 90 0 9.0362951159E-02
2018-08-15T02:53:17.08 33.52 -116.82 2.5 7.2127631865E-03 7.2127632797E-02 210 30 -30 8.7390489876E-02
2018-08-15T02:54:11.58 33.52 -116.78 7.5 6.6706980579E-03 6.6706977785E-02 120 90 30 1.0608653724E-01
2018-08-15T02:54:52.38 33.46 -116.8 17.5 6.6539831460E-03 6.6539831460E-02 300 30 30 7.4798852205E-02
2018-08-15T02:55:40.1 33.48 -116.74 17.5 6.4537478611E-03 6.4537480474E-02 150 90 60 7.1234382689E-02
2018-08-15T02:56:31.35 33.5 -116.78 7.5 6.9708134979E-03 6.9708138704E-02 0 90 -60 8.9259445667E-02
2018-08-15T02:57:00.88 33.54 -116.82 12.5 6.6521372646E-03 6.6521376371E-02 120 30 -30 9.8072677851E-02
2018-08-15T02:57:32.84 33.56 -116.72 7.5 6.9036292844E-03 6.9036290050E-02 180 30 -30 8.8998422027E-02
2018-08-15T02:59:00.81 33.5 -116.8 2.5 7.0518236607E-03 7.0518240333E-02 0 60 30 9.2539578676E-02
2018-08-15T03:00:17.34 33.52 -116.76 12.5 6.7491242662E-03 6.7491240799E-02 30 90 -30 7.7411621809E-02
2018-08-15T03:00:30.99 33.56 -116.78 7.5 6.9025224075E-03 6.9025225937E-02 90 90 60 9.6848711371E-02
2018-08-15T03:00:51.84 33.48 -116.76 7.5 6.7921187729E-03 6.7921191454E-02 120 30 0 1.0304169357E-01
2018-08-15T03:01:36.75 33.5 -116.78 7.5 6.9708134979E-03 6.9708138704E-02 0 90 -60 1.0272925347E-01
2018-08-15T03:02:26.31 33.52 -116.72 17.5 6.8229311146E-03 6.8229310215E-02 240 60 -60 9.4025895000E-02
2018-08-15T03:02:46.12 33.42 -116.84 12.5 6.6700554453E-03 6.6700555384E-02 60 60 90 7.4736721814E-02
2018-08-15T03:03:24.35 33.5 -116.78 7.5 6.6709383391E-03 6.6709384322E-02 60 90 -60 1.0875220597E-01
2018-08-15T03:04:37.06 33.52 -116.74 17.5 6.8085039966E-03 6.8085037172E-02 0 30 90 9.4621390104E-02
2018-08-15T03:07:23.73 33.52 -116.76 7.5 6.7298365757E-03 6.7298367620E-02 150 60 90 9.3262709677E-02
2018-08-15T03:07:53.8 33.52 -116.74 12.5 6.6103683785E-03 6.6103681922E-02 90 90 60 7.5825102627E-02
2018-08-15T03:08:08.53 33.52 -116.76 7.5 6.6579426639E-03 6.6579423845E-02 180 60 60 7.3702476919E-02
2018-08-15T03:09:54.18 33.56 -116.74 12.5 6.6459714435E-03 6.6459715366E-02 210 30 -60 9.7094491124E-02
2018-08-15T03:13:46.95 33.52 -116.76 2.5 6.9984518923E-03 6.9984517992E-02 120 90 -30 7.9069443047E-02
2018-08-15T03:14:10.98 33.52 -116.78 7.5 6.5948693082E-03 6.5948694944E-02 120 30 90 9.1152317822E-02
2018-08-15T03:15:14.81 33.46 -116.74 17.5 6.7199687473E-03 6.7199684680E-02 30 90 -60 7.8063338995E-02
2018-08-15T03:15:54.14 33.52 -116.74 7.5 6.7279101349E-03 6.7279100418E-02 300 30 60 9.6450030804E-02
2018-08-15T03:16:32.2 33.4 -116.78 17.5 6.6835670732E-03 6.6835671663E-02 90 90 30 9.6692711115E-02
2018-08-15T03:20:08.64 33.5 -116.76 7.5 6.8132970482E-03 6.8132966757E-02 90 60 0 9.0882167220E-02
2018-08-15T03:21:33.7 33.5 -116.78 7.5 6.8934406154E-03 6.8934403360E-02 330 60 -60 9.2096619308E-02
2018-08-15T03:21:45.39 33.46 -116.74 12.5 6.5188673325E-03 6.5188676119E-02 150 90 60 7.8377947211E-02
2018-08-15T03:22:45.09 33.44 -116.82 7.5 6.6648637876E-03 6.6648639739E-02 120 60 30 8.7771564722E-02
2018-08-15T03:23:12.99 33.5 -116.76 7.5 6.6811321303E-03 6.6811323166E-02 150 60 -60 8.9834243059E-02
2018-08-15T03:25:26.72 33.4 -116.72 17.5 6.7404867150E-03 6.7404866219E-02 180 60 30 7.6105043292E-02
2018-08-15T03:26:54.48 33.5 -116.78 2.5 7.2613749653E-03 7.2613745928E-02 90 60 -90 9.5093101263E-02
2018-08-15T03:27:28.35 33.5 -116.78 12.5 6.5523707308E-03 6.5523706377E-02 0 60 90 1.0437506437E-01
2018-08-15T03:28:06.49 33.56 -116.72 7.5 6.8754744716E-03 6.8754747510E-02 240 30 0 9.9443048239E-02
2018-08-15T03:28:22.69 33.48 -116.78 7.5 6.7493123934E-03 6.7493125796E-02 120 60 0 9.9416531622E-02
2018-08-15T03:29:12.13 33.54 -116.76 12.5 6.6113048233E-03 6.6113047302E-02 120 30 -30 7.3915377259E-02
2018-08-15T03:30:04.47 33.48 -116.88 2.5 6.8735582754E-03 6.8735584617E-02 30 30 60 8.2868471742E-02
2018-08-15T03:31:11.59 33.48 -116.76 7.5 6.6264960915E-03 6.6264957190E-02 60 60 0 7.4400514364E-02
2018-08-15T03:32:00.96 33.5 -116.8 2.5 7.1917371824E-03 7.1917369962E-02 30 30 -90 8.9596152306E-02
2018-08-15T03:32:30.08 33.48 -116.82 17.5 6.5698972903E-03 6.5698973835E-02 30 60 -30 9.8586417735E-02
2018-08-15T03:32:47.3 33.44 -116.86 7.5 6.6427467391E-03 6.6427469254E-02 90 90 -60 7.4035778642E-02
2018-08-15T03:33:15.02 33.54 -116.8 2.5 6.9047571160E-03 6.9047570229E-02 180 30 -60 1.0046771914E-01
2018-08-15T03:34:38.63 33.48 -116.8 7.5 6.9808000699E-03 6.9807998836E-02 120 90 30 8.3198264241E-02
2018-08-15T03:38:18.23 33.48 -116.78 17.5 6.5765776671E-03 6.5765775740E-02 120 60 30 9.6627376974E-02
2018-08-15T03:38:58.84 33.44 -116.8 12.5 6.8293190561E-03 6.8293191493E-02 120 60 60 7.5355924666E-02
2018-08-15T03:39:57.16 33.56 -116.74 17.5 6.4775608480E-03 6.4775608480E-02 0 90 -60 7.8838236630E-02
2018-08-15T03:40:59.8 33.52 -116.78 2.5 7.1098362096E-03 7.1098364890E-02 90 60 0 1.0694748908E-01
2018-08-15T03:42:55.61 33.54 -116.72 12.5 6.5916520543E-03 6.5916523337E-02 150 30 30 9.3246527016E-02
2018-08-15T03:43:48.89 33.48 -116.78 7.5 6.9555179216E-03 6.9555178285E-02 60 30 0 8.9999645948E-02
2018-08-15T03:45:53.53 33.5 -116.8 12.5 6.6802971996E-03 6.6802971065E-02 60 90 30 7.3953382671E-02
2018-08-15T03:47:20.82 33.42 -116.86 17.5 6.6471588798E-03 6.6471591592E-02 90 60 -30 7.5696505606E-02
2018-08-15T03:49:23.09 33.54 -116.74 2.5 6.8080862984E-03 6.8080864847E-02 210 60 60 8.0608509481E-02
2018-08-15T03:49:37.74 33.54 -116.74 2.5 6.7143398337E-03 6.7143395543E-02 90 60 -30 8.2244083285E-02
2018-08-15T03:52:54.51 33.5 -116.74 17.5 6.9097923115E-03 6.9097921252E-02 0 60 90 8.8362097740E-02
2018-08-15T03:56:34.84 33.5 -116.76 7.5 6.5416051075E-03 6.5416052938E-02 240 60 60 9.0437799692E-02
2018-08-15T03:57:03.03 33.4 -116.82 12.5 6.5058297478E-03 6.5058298409E-02 30 90 30 7.2758473456E-02
2018-08-15T03:58:52.21 33.56 -116.76 7.5 6.8111680448E-03 6.8111680448E-02 30 90 -60 1.0005670041E-01
2018-08-15T03:59:27.66 33.42 -116.82 17.5 6.6299447790E-03 6.6299445927E-02 120 60 30 9.2496417463E-02
2018-08-15T04:01:00.13 33.48 -116.8 12.5 6.3892095350E-03 6.3892096281E-02 330 60 -60 9.5737978816E-02
2018-08-15T04:02:09.19 33.5 -116.76 7.5 6.6990316845E-03 6.6990315914E-02 300 30 60 8.9728988707E-02
2018-08-15T04:03:34.42 33.48 -116.84 12.5 6.8148886785E-03 6.8148888648E-02 120 90 60 7.9492732882E-02
2018-08-15T04:08:25.78 33.48 -116.76 17.5 6.7997747101E-03 6.7997746170E-02 210 60 -60 8.9288257062E-02
2018-08-15T04:09:32.71 33.5 -116.74 17.5 6.4325192943E-03 6.4325191081E-02 120 90 0 8.7772019207E-02
2018-08-15T04:11:40.19 33.46 -116.84 17.5 6.7390035838E-03 6.7390039563E-02 300 60 -30 7.8056439757E-02
2018-08-15T04:13:34.34 33.48 -116.76 7.5 6.6450042650E-03 6.6450044513E-02 120 60 -30 9.6806667745E-02
2018-08-15T04:14:28.92 33.54 -116.78 17.5 6.5976479091E-03 6.5976478159E-02 300 60 -30 7.5412750244E-02
2018-08-15T04:15:27.29 33.48 -116.76 7.5 6.7252228037E-03 6.7252226174E-02 300 30 0 9.5052316785E-02
2018-08-15T04:16:04.34 33.54 -116.74 7.5 6.7269084975E-03 6.7269086838E-02 150 90 0 9.7993768752E-02
2018-08-15T04:16:23.69 33.4 -116.74 17.5 6.3824360259E-03 6.3824363053E-02 60 90 -30 7.7056542039E-02
2018-08-15T04:17:54.99 33.48 -116.76 7.5 6.7252228037E-03 6.7252226174E-02 300 30 0 9.6137993038E-02
2018-08-15T04:23:52.46 33.54 -116.72 12.5 6.5508759581E-03 6.5508760512E-02 330 30 60 7.8924760222E-02
2018-08-15T04:24:20.74 33.54 -116.74 12.5 6.6415504552E-03 6.6415503621E-02 210 30 -30 7.3518224061E-02
2018-08-15T04:25:37.54 33.56 -116.72 7.5 6.7941737361E-03 6.7941740155E-02 330 60 30 7.7697068453E-02
2018-08-15T04:26:11.73 33.5 -116.78 2.5 7.1468316019E-03 7.1468316019E-02 240 60 60 9.8227284849E-02
2018-08-15T04:29:19.05 33.5 -116.78 7.5 6.6441306844E-03 6.6441304982E-02 270 30 -30 9.3897521496E-02
2018-08-15T04:31:54.02 33.54 -116.72 7.5 6.5998528153E-03 6.5998524427E-02 90 30 -90 8.0531716347E-02
2018-08-15T04:34:37.91 33.46 -116.84 12.5 6.5716300160E-03 6.5716296434E-02 120 30 0 7.2962954640E-02
2018-08-15T04:36:05.43 33.54 -116.76 12.5 6.5932553262E-03 6.5932556987E-02 300 60 -30 8.4650948644E-02
2018-08-15T04:37:11.11 33.56 -116.78 12.5 6.8857292645E-03 6.8857289851E-02 0 60 -60 7.9448595643E-02
2018-08-15T04:40:39.44 33.46 -116.8 12.5 6.3949427567E-03 6.3949428499E-02 0 30 -90 9.6604377031E-02
2018-08-15T04:42:08.51 33.5 -116.86 12.5 6.3569606282E-03 6.3569605350E-02 120 90 -60 7.1615040302E-02
2018-08-15T04:43:47.01 33.56 -116.78 2.5 6.9698151201E-03 6.9698154926E-02 210 30 -30 7.8252300620E-02
2018-08-15T04:44:34.08 33.52 -116.76 7.5 6.9589200430E-03 6.9589197636E-02 330 30 30 8.3167180419E-02
2018-08-15T04:45:04.2 33.56 -116.72 12.5 6.6026146524E-03 6.6026143730E-02 210 30 -30 7.3783680797E-02
2018-08-15T04:45:27.39 33.5 -116.76 7.5 6.4984587952E-03 6.4984589815E-02 90 30 90 7.5704388320E-02
2018-08-15T04:47:56.91 33.48 -116.8 2.5 7.1220393293E-03 7.1220390499E-02 150 90 60 1.0156869888E-01
2018-08-15T04:48:24.39 33.5 -116.76 12.5 6.4291511662E-03 6.4291514456E-02 30 30 -60 9.3064166605E-02
2018-08-15T04:49:46.91 33.48 -116.8 2.5 7.1442755871E-03 7.1442753077E-02 0 30 30 1.0510857403E-01
2018-08-15T04:50:06.13 33.54 -116.76 12.5 6.5840054303E-03 6.5840050578E-02 120 30 0 8.3079084754E-02
2018-08-15T04:51:01.2 33.54 -116.84 2.5 6.7883660085E-03 6.7883662879E-02 30 30 -60 8.6106278002E-02
2018-08-15T04:53:26.45 33.5 -116.78 7.5 6.7215533927E-03 6.7215532064E-02 180 30 0 7.5908243656E-02
2018-08-15T04:55:36.42 33.48 -116.78 2.5 6.9284783676E-03 6.9284781814E-02 150 60 30 7.8705534339E-02
2018-08-15T04:57:13.96 33.52 -116.72 17.5 6.7036030814E-03 6.7036032677E-02 270 60 -60 7.4155546725E-02
2018-08-15T04:58:17.84 33.54 -116.74 7.5 6.9178128615E-03 6.9178126752E-02 30 90 -60 7.9173907638E-02
2018-08-15T04:58:54.24 33.56 -116.72 7.5 6.6773090512E-03 6.6773086786E-02 210 30 0 8.4599301219E-02
2018-08-15T04:59:53.23 33.5 -116.76 17.5 6.6908975132E-03 6.6908977926E-02 180 30 30 1.0319363326E-01
2018-08-15T05:02:13.93 33.48 -116.84 17.5 6.4970836975E-03 6.4970836043E-02 90 30 -90 7.9018533230E-02
2018-08-15T05:02:47.9 33.52 -116.78 2.5 7.1985330433E-03 7.1985334158E-02 90 30 0 1.0219780356E-01
2018-08-15T05:03:00.12 33.44 -116.84 7.5 6.5643372945E-03 6.5643370152E-02 330 30 -30 7.3330983520E-02
2018-08-15T05:03:15.31 33.52 -116.82 12.5 6.7271217704E-03 6.7271217704E-02 150 60 -90 8.9881822467E-02
2018-08-15T05:05:56.15 33.56 -116.72 12.5 6.3559184782E-03 6.3559181988E-02 240 30 -60 1.0138495266E-01
2018-08-15T05:06:06.55 33.56 -116.72 12.5 6.4323409460E-03 6.4323410392E-02 270 60 -60 8.0793075264E-02
2018-08-15T05:06:33.18 33.5 -116.78 2.5 7.0215598680E-03 7.0215597749E-02 270 30 -30 7.8837968409E-02
2018-08-15T05:08:12 33.5 -116.78 7.5 6.8404502235E-03 6.8404503167E-02 270 30 60 7.6457828283E-02
2018-08-15T05:10:17.92 33.54 -116.8 2.5 6.9047571160E-03 6.9047570229E-02 180 30 -60 7.8509554267E-02
2018-08-15T05:12:07.52 33.54 -116.78 7.5 6.7467498593E-03 6.7467495799E-02 270 60 -30 8.1696897745E-02
2018-08-15T05:12:46.96 33.44 -116.82 2.5 7.1958503686E-03 7.1958504617E-02 0 90 -60 8.5552036762E-02
2018-08-15T05:13:01.27 33.52 -116.72 12.5 6.4974403940E-03 6.4974404871E-02 30 60 60 1.0147268325E-01
2018-08-15T05:13:17.49 33.56 -116.76 12.5 6.8221283145E-03 6.8221285939E-02 0 60 -90 9.2448085546E-02
2018-08-15T05:13:39.89 33.48 -116.76 7.5 6.7667714320E-03 6.7667715251E-02 90 60 30 1.0641659796E-01
2018-08-15T05:14:55.69 33.54 -116.84 17.5 6.5699620172E-03 6.5699622035E-02 60 30 0 8.1633836031E-02
2018-08-15T05:17:33.55 33.5 -116.78 7.5 6.6246134229E-03 6.6246137023E-02 120 60 -30 9.3976400793E-02
2018-08-15T05:18:46.58 33.5 -116.8 12.5 6.7244875245E-03 6.7244872451E-02 90 30 0 8.7706387043E-02
2018-08-15T05:21:03.01 33.52 -116.74 17.5 6.5916581079E-03 6.5916582942E-02 30 90 -30 8.9816480875E-02
2018-08-15T05:23:22.28 33.56 -116.74 12.5 6.6781439818E-03 6.6781438887E-02 180 60 -60 1.0294062644E-01
2018-08-15T05:24:40.57 33.48 -116.8 17.5 6.5099881031E-03 6.5099880099E-02 0 90 60 8.2187920809E-02
2018-08-15T05:24:54.06 33.42 -116.82 17.5 6.5091825090E-03 6.5091826022E-02 270 30 30 1.0214620829E-01
2018-08-15T05:25:04.64 33.48 -116.76 12.5 6.4977221191E-03 6.4977221191E-02 180 60 30 7.1669630706E-02
2018-08-15T05:26:02.73 33.52 -116.78 7.5 6.8643530831E-03 6.8643532693E-02 90 60 30 7.9002916813E-02
2018-08-15T05:26:23.28 33.52 -116.78 7.5 6.9544878788E-03 6.9544881582E-02 0 30 0 9.4993881881E-02
2018-08-15T05:27:09.59 33.42 -116.84 7.5 6.9263516925E-03 6.9263517857E-02 90 30 0 8.8309712708E-02
2018-08-15T05:29:05.76 33.48 -116.8 2.5 7.0191281848E-03 7.0191279054E-02 150 90 -60 1.0086020082E-01
2018-08-15T05:30:02.33 33.52 -116.78 7.5 6.8115205504E-03 6.8115204573E-02 0 60 60 7.5188264251E-02
2018-08-15T05:31:53.9 33.5 -116.78 7.5 6.8748849444E-03 6.8748846650E-02 300 60 60 7.6376810670E-02
2018-08-15T05:33:24.82 33.48 -116.78 2.5 7.1837920696E-03 7.1837916970E-02 120 30 30 8.7090924382E-02
2018-08-15T05:34:01.39 33.5 -116.76 7.5 6.7201061174E-03 6.7201063037E-02 150 60 90 9.5796763897E-02
2018-08-15T05:34:13.66 33.48 -116.74 7.5 6.6259023733E-03 6.6259026527E-02 60 60 0 7.4054501951E-02
2018-08-15T05:34:46.03 33.52 -116.76 7.5 6.7948438227E-03 6.7948438227E-02 300 30 30 8.7075784802E-02
2018-08-15T05:35:01.68 33.5 -116.78 2.5 7.2108432651E-03 7.2108432651E-02 120 30 30 8.4942437708E-02
2018-08-15T05:36:03.38 33.48 -116.72 12.5 6.7386049777E-03 6.7386046052E-02 60 30 -60 8.6329437792E-02
2018-08-15T05:39:06.74 33.54 -116.74 7.5 6.7224586383E-03 6.7224584520E-02 180 30 60 1.0232667625E-01
2018-08-15T05:40:39.18 33.48 -116.8 12.5 6.6481004469E-03 6.6481001675E-02 0 30 30 8.8521838188E-02
2018-08-15T05:40:56.8 33.5 -116.78 7.5 6.7215533927E-03 6.7215532064E-02 180 30 0 1.0096687824E-01
2018-08-15T05:42:12.53 33.42 -116.86 12.5 6.6476883367E-03 6.6476881504E-02 330 60 60 7.9861573875E-02
2018-08-15T05:44:10.95 33.4 -116.84 2.5 6.2821069732E-03 6.2821067870E-02 120 90 -60 7.2205372155E-02
2018-08-15T05:45:56.45 33.54 -116.78 12.5 6.7037832923E-03 6.7037835717E-02 150 60 60 8.6550794542E-02
2018-08-15T05:46:57.54 33.54 -116.74 12.5 6.6523016430E-03 6.6523015499E-02 120 60 60 7.9111345112E-02
2018-08-15T05:47:53.22 33.48 -116.78 2.5 7.0667117834E-03 7.0667117834E-02 120 60 -30 9.0580388904E-02
2018-08-15T05:50:36.35 33.52 -116.78 12.5 6.4012873918E-03 6.4012870193E-02 60 30 -30 7.0768356323E-02
2018-08-15T05:51:30.04 33.42 -116.78 17.5 6.4678085037E-03 6.4678087831E-02 150 60 0 8.0826118588E-02
2018-08-15T05:52:53.69 33.5 -116.76 7.5 6.5384218469E-03 6.5384216607E-02 270 60 -60 8.7301790714E-02
2018-08-15T05:53:25.92 33.42 -116.86 17.5 6.4702825621E-03 6.4702823758E-02 180 30 -30 9.7100526094E-02
2018-08-15T05:55:16.54 33.48 -116.78 7.5 6.7134192213E-03 6.7134194076E-02 210 60 30 8.2156620920E-02
2018-08-15T05:56:32.88 33.5 -116.78 2.5 6.7139575258E-03 6.7139573395E-02 30 30 -30 7.7968508005E-02
2018-08-15T05:57:34.62 33.44 -116.84 7.5 7.0870905183E-03 7.0870906115E-02 90 60 -30 8.7871059775E-02
2018-08-15T05:59:32.75 33.56 -116.72 12.5 6.6351550631E-03 6.6351547837E-02 30 90 0 1.0158991069E-01
2018-08-15T06:00:15.68 33.54 -116.74 17.5 6.4815515652E-03 6.4815513790E-02 90 60 60 8.8974863291E-02
2018-08-15T06:00:29.08 33.52 -116.76 7.5 6.7702769302E-03 6.7702770233E-02 0 60 -30 8.3540126681E-02
2018-08-15T06:01:08.43 33.56 -116.74 12.5 6.7632175051E-03 6.7632175982E-02 0 60 90 9.8952807486E-02
2018-08-15T06:02:15.44 33.52 -116.76 17.5 6.8499017507E-03 6.8499013782E-02 0 30 30 7.7792629600E-02
2018-08-15T06:03:02.84 33.5 -116.82 17.5 6.4605213702E-03 6.4605213702E-02 150 30 30 7.3780238628E-02
2018-08-15T06:03:45.91 33.5 -116.8 2.5 7.1024373174E-03 7.1024373174E-02 120 30 60 9.0265661478E-02
2018-08-15T06:04:58.63 33.54 -116.72 17.5 6.9105802104E-03 6.9105803967E-02 0 90 30 8.4629245102E-02
2018-08-15T06:05:11.47 33.48 -116.78 2.5 7.0539019071E-03 7.0539020002E-02 30 30 -30 9.7934313118E-02
2018-08-15T06:06:30.58 33.52 -116.84 7.5 6.6940267570E-03 6.6940270364E-02 300 60 -30 8.5880629718E-02
2018-08-15T06:09:10.9 33.5 -116.78 7.5 6.7618959583E-03 6.7618958652E-02 30 90 0 1.0202601552E-01
2018-08-15T06:13:33.03 33.5 -116.78 2.5 6.8525588140E-03 6.8525590003E-02 120 30 -60 9.2481300235E-02
2018-08-15T06:15:01.39 33.48 -116.76 7.5 6.6450042650E-03 6.6450044513E-02 120 60 -30 9.6172563732E-02
2018-08-15T06:15:46.71 33.52 -116.74 17.5 6.8085039966E-03 6.8085037172E-02 0 30 90 1.0387968272E-01
2018-08-15T06:16:49.19 33.56 -116.78 7.5 6.9313496351E-03 6.9313496351E-02 90 60 0 7.9726167023E-02
2018-08-15T06:17:40.94 33.4 -116.74 17.5 6.7806346342E-03 6.7806348205E-02 210 30 0 7.6482258737E-02
2018-08-15T06:18:24.6 33.5 -116.78 7.5 6.7571117543E-03 6.7571118474E-02 30 90 -30 8.7179057300E-02
2018-08-15T06:20:57.93 33.52 -116.76 7.5 6.7561767064E-03 6.7561767995E-02 120 30 30 7.6645113528E-02
2018-08-15T06:21:10.3 33.52 -116.74 12.5 6.4478213899E-03 6.4478211105E-02 0 60 0 7.7196784317E-02
2018-08-15T06:21:53.82 33.54 -116.72 7.5 6.5774703398E-03 6.5774701536E-02 90 60 60 7.9996615648E-02
2018-08-15T06:23:03.51 33.56 -116.76 7.5 6.7728715949E-03 6.7728713155E-02 0 60 -30 7.6180532575E-02
2018-08-15T06:24:52.86 33.5 -116.82 7.5 6.8951565772E-03 6.8951562047E-02 0 30 0 8.2031458616E-02
2018-08-15T06:25:02.87 33.44 -116.74 17.5 6.5313898958E-03 6.5313898027E-02 150 60 -30 7.4287720025E-02
2018-08-15T06:27:11.15 33.5 -116.78 7.5 6.6109029576E-03 6.6109031439E-02 240 60 30 7.3794052005E-02
2018-08-15T06:27:58.19 33.5 -116.76 7.5 6.7201061174E-03 6.7201063037E-02 150 60 90 9.7870960832E-02
2018-08-15T06:28:37.87 33.48 -116.88 2.5 6.8735582754E-03 6.8735584617E-02 30 30 60 9.6547819674E-02
2018-08-15T06:32:49.2 33.56 -116.72 12.5 6.6125425510E-03 6.6125422716E-02 120 90 30 1.0722693056E-01
2018-08-15T06:35:08.9 33.52 -116.78 17.5 6.4319418743E-03 6.4319416881E-02 120 30 -60 9.0217597783E-02
2018-08-15T06:35:20.55 33.5 -116.78 7.5 6.7571103573E-03 6.7571103573E-02 120 60 0 7.6893188059E-02
2018-08-15T06:37:17.93 33.5 -116.8 12.5 6.5353834070E-03 6.5353833139E-02 30 60 -30 7.3917917907E-02
2018-08-15T06:37:30.32 33.4 -116.72 17.5 6.6975234076E-03 6.6975235939E-02 330 60 -30 8.3089873195E-02
2018-08-15T06:38:32.39 33.46 -116.76 2.5 7.0482902229E-03 7.0482902229E-02 180 60 30 9.4119071960E-02
2018-08-15T06:40:49.74 33.48 -116.76 7.5 6.7921187729E-03 6.7921191454E-02 120 30 0 8.2265466452E-02
2018-08-15T06:45:34.45 33.52 -116.78 2.5 7.1985330433E-03 7.1985334158E-02 90 30 0 1.0397887975E-01
2018-08-15T06:48:49.75 33.5 -116.78 7.5 6.7835897207E-03 6.7835897207E-02 30 60 0 9.8070979118E-02
2018-08-15T06:49:35.24 33.5 -116.76 7.5 6.5460051410E-03 6.5460048616E-02 270 30 0 7.4337594211E-02
2018-08-15T06:52:09.85 33.5 -116.78 7.5 6.9874762557E-03 6.9874763489E-02 330 30 -30 9.6034303308E-02
2018-08-15T06:53:12.89 33.46 -116.74 12.5 6.5663564019E-03 6.5663561225E-02 60 60 60 9.5546454191E-02
2018-08-15T06:53:29.13 33.48 -116.8 7.5 7.0816716179E-03 7.0816718042E-02 90 90 30 7.8758142889E-02
2018-08-15T06:55:46.43 33.48 -116.84 17.5 6.6194874234E-03 6.6194877028E-02 240 60 0 7.4260383844E-02
2018-08-15T06:56:38.37 33.46 -116.8 7.5 6.9475835189E-03 6.9475837052E-02 0 60 -60 9.0618610382E-02
2018-08-15T06:59:50.15 33.5 -116.78 7.5 6.9708134979E-03 6.9708138704E-02 0 90 -60 9.4521291554E-02
2018-08-15T07:02:53.58 33.46 -116.78 12.5 6.6613820381E-03 6.6613823175E-02 90 30 0 8.7290987372E-02
2018-08-15T07:03:05.05 33.54 -116.84 2.5 6.7883660085E-03 6.7883662879E-02 30 30 -60 7.9908445477E-02
2018-08-15T07:04:35.83 33.42 -116.76 2.5 7.0262090303E-03 7.0262089372E-02 300 60 -60 7.9741641879E-02
2018-08-15T07:07:20.71 33.54 -116.72 12.5 6.5416446887E-03 6.5416447818E-02 150 60 -90 8.0586567521E-02
2018-08-15T07:08:25.8 33.52 -116.78 12.5 6.6362437792E-03 6.6362440586E-02 30 90 60 8.6421996355E-02
2018-08-15T07:09:31.58 33.52 -116.76 7.5 6.4740870148E-03 6.4740866423E-02 240 60 30 7.3631912470E-02
2018-08-15T07:10:42.5 33.4 -116.88 7.5 6.7967516370E-03 6.7967519164E-02 30 30 0 8.3981081843E-02
2018-08-15T07:13:42.02 33.48 -116.78 2.5 7.2043389082E-03 7.2043389082E-02 60 30 30 9.0938672423E-02
2018-08-15T07:14:56.75 33.56 -116.8 2.5 7.0112543181E-03 7.0112541318E-02 90 60 0 9.8601318896E-02
2018-08-15T07:15:37.83 33.52 -116.76 7.5 6.7339618690E-03 6.7339621484E-02 150 60 60 7.5906217098E-02
2018-08-15T07:16:07.59 33.54 -116.76 7.5 6.6630956717E-03 6.6630959511E-02 150 30 0 8.2698509097E-02
2018-08-15T07:17:56.03 33.54 -116.76 2.5 6.9582262076E-03 6.9582261145E-02 0 60 60 8.2573793828E-02
2018-08-15T07:18:11.22 33.48 -116.78 2.5 6.9279782474E-03 6.9279782474E-02 60 30 60 8.7515443563E-02
2018-08-15T07:19:00.03 33.42 -116.76 17.5 6.5980688669E-03 6.5980687737E-02 0 90 -30 7.3528036475E-02
2018-08-15T07:23:46.21 33.48 -116.72 7.5 6.9405850954E-03 6.9405853748E-02 180 30 0 9.4449773431E-02
2018-08-15T07:29:10.25 33.5 -116.78 7.5 6.6109029576E-03 6.6109031439E-02 240 60 30 8.0149993300E-02
2018-08-15T07:29:26.3 33.5 -116.78 7.5 6.6709388047E-03 6.6709384322E-02 150 30 0 8.9053139091E-02
2018-08-15T07:34:42.39 33.46 -116.84 17.5 6.6955550574E-03 6.6955551505E-02 30 30 -60 8.0640062690E-02
2018-08-15T07:38:10.2 33.52 -116.78 12.5 6.7179733887E-03 6.7179732025E-02 330 60 0 8.7848827243E-02
2018-08-15T07:40:27.72 33.46 -116.78 7.5 6.6474466585E-03 6.6474467516E-02 120 30 0 8.5278153419E-02
2018-08-15T07:44:15.98 33.48 -116.78 17.5 6.5660979599E-03 6.5660983324E-02 90 90 60 8.6664862931E-02
2018-08-15T07:46:30.04 33.42 -116.8 7.5 6.8215094507E-03 6.8215094507E-02 300 60 -60 8.5494443774E-02
2018-08-15T07:47:39.15 33.52 -116.78 2.5 6.6296318546E-03 6.6296316683E-02 120 30 -90 8.6117237806E-02
2018-08-15T07:48:53.22 33.42 -116.78 2.5 6.9046528079E-03 6.9046527147E-02 30 60 -30 7.8794419765E-02
2018-08-15T07:51:19.48 33.48 -116.82 17.5 6.4974273555E-03 6.4974270761E-02 120 60 -30 7.2082057595E-02
2018-08-15T07:52:02.14 33.5 -116.76 2.5 6.8344813772E-03 6.8344816566E-02 60 30 60 7.7946543694E-02
2018-08-15T07:54:27.54 33.46 -116.84 17.5 6.7926445045E-03 6.7926444113E-02 60 30 -30 7.9474247992E-02
2018-08-15T07:56:31.28 33.5 -116.72 12.5 6.6773165017E-03 6.6773161292E-02 30 30 90 7.4880167842E-02
2018-08-15T07:59:54.58 33.52 -116.76 7.5 6.6242488101E-03 6.6242486238E-02 90 60 90 9.4120174646E-02
2018-08-15T08:03:31.87 33.52 -116.72 12.5 6.7014661618E-03 6.7014664412E-02 0 30 60 8.8485285640E-02
2018-08-15T08:08:58.55 33.5 -116.78 7.5 6.5833833069E-03 6.5833836794E-02 270 30 0 8.7989278138E-02
2018-08-15T08:10:23.29 33.48 -116.78 7.5 6.7526334897E-03 6.7526333034E-02 150 30 -60 9.4428636134E-02
2018-08-15T08:11:50.28 33.48 -116.8 7.5 6.8518393673E-03 6.8518392742E-02 90 30 0 1.0253699869E-01
2018-08-15T08:12:27.03 33.52 -116.72 7.5 6.7468374036E-03 6.7468374968E-02 330 30 -60 9.4057127833E-02
2018-08-15T08:14:35.28 33.54 -116.76 12.5 6.7155519500E-03 6.7155517638E-02 150 90 30 9.7662463784E-02
2018-08-15T08:15:07.28 33.5 -116.78 2.5 7.0498255081E-03 7.0498257875E-02 120 60 -30 7.8073121607E-02
2018-08-15T08:15:21.61 33.56 -116.78 12.5 6.8408506922E-03 6.8408504128E-02 330 60 -60 7.9586431384E-02
2018-08-15T08:16:04.05 33.5 -116.78 7.5 6.8425168283E-03 6.8425171077E-02 30 90 -60 8.7927877903E-02
2018-08-15T08:16:40.7 33.5 -116.78 7.5 6.8425168283E-03 6.8425171077E-02 30 90 -60 8.6058802903E-02
2018-08-15T08:17:12.99 33.54 -116.74 7.5 6.7596305162E-03 6.7596301436E-02 300 30 30 9.3534752727E-02
2018-08-15T08:18:34.57 33.54 -116.72 7.5 6.5985242836E-03 6.5985240042E-02 0 90 -30 1.0515980422E-01
2018-08-15T08:19:41.21 33.5 -116.8 2.5 7.2528873570E-03 7.2528876364E-02 120 30 0 9.4835989177E-02
2018-08-15T08:19:55.35 33.5 -116.78 7.5 6.9540971890E-03 6.9540970027E-02 60 60 30 8.2454741001E-02
2018-08-15T08:20:59.78 33.5 -116.78 2.5 6.9245840423E-03 6.9245837629E-02 330 30 -60 9.5177993178E-02
2018-08-15T08:22:04.95 33.5 -116.78 7.5 6.7215533927E-03 6.7215532064E-02 180 30 0 9.1432020068E-02
2018-08-15T08:24:44.43 33.52 -116.84 7.5 6.7885834724E-03 6.7885830998E-02 120 90 30 8.1828415394E-02
2018-08-15T08:26:19.95 33.52 -116.78 17.5 6.7109181546E-03 6.7109182477E-02 270 60 -60 9.2761665583E-02
2018-08-15T08:26:36.58 33.54 -116.76 12.5 6.4006811008E-03 6.4006812871E-02 60 30 -60 9.8413258791E-02
2018-08-15T08:27:12.23 33.54 -116.76 12.5 6.7155519500E-03 6.7155517638E-02 150 90 30 8.0154709518E-02
2018-08-15T08:27:35.61 33.48 -116.86 2.5 7.0965043269E-03 7.0965044200E-02 0 60 -30 9.2812791467E-02
2018-08-15T08:28:02.49 33.54 -116.74 12.5 6.7342715338E-03 6.7342713475E-02 300 60 60 7.8156985343E-02
2018-08-15T08:28:16.65 33.48 -116.74 12.5 6.5616336651E-03 6.5616339445E-02 210 60 0 9.6812054515E-02
2018-08-15T08:30:20.31 33.5 -116.8 2.5 6.9641093723E-03 6.9641090930E-02 210 30 -60 7.9080924392E-02
2018-08-15T08:31:33.34 33.48 -116.74 2.5 6.9608706981E-03 6.9608703256E-02 90 30 0 7.7571697533E-02
2018-08-15T08:34:07.2 33.5 -116.78 7.5 6.7662633955E-03 6.7662633955E-02 120 60 30 8.5744246840E-02
2018-08-15T08:37:17.53 33.52 -116.82 2.5 7.2127631865E-03 7.2127632797E-02 210 30 -30 8.8878899813E-02
2018-08-15T08:39:56.34 33.48 -116.78 7.5 6.9064237177E-03 6.9064237177E-02 90 30 -30 8.1219479442E-02
2018-08-15T08:40:23.94 33.5 -116.78 17.5 6.4815673977E-03 6.4815670252E-02 60 30 -60 8.7169334292E-02
2018-08-15T08:41:55.98 33.5 -116.8 7.5 6.9680786692E-03 6.9680787623E-02 150 30 30 8.9525423944E-02
2018-08-15T08:42:47.91 33.54 -116.72 12.5 6.5712765791E-03 6.5712764859E-02 0 60 -90 8.6883842945E-02
2018-08-15T08:43:02.94 33.52 -116.74 7.5 6.6477456130E-03 6.6477455199E-02 240 30 0 9.2489495873E-02
2018-08-15T08:45:42.88 33.5 -116.78 2.5 7.2749550454E-03 7.2749547660E-02 90 30 30 8.2136362791E-02
2018-08-15T08:49:44.04 33.44 -116.82 7.5 6.4916918054E-03 6.4916916192E-02 90 90 -60 9.0081036091E-02
2018-08-15T08:51:58 33.48 -116.74 12.5 6.4040045254E-03 6.4040042460E-02 120 60 -90 7.1548774838E-02
2018-08-15T08:53:22.39 33.54 -116.74 7.5 6.7141349427E-03 6.7141346633E-02 120 30 -60 8.0247886479E-02
2018-08-15T08:55:23.66 33.56 -116.78 12.5 6.8857292645E-03 6.8857289851E-02 0 60 -60 9.5146015286E-02
2018-08-15T08:57:01.68 33.56 -116.74 12.5 6.3709421083E-03 6.3709422946E-02 180 60 30 7.5392976403E-02
2018-08-15T08:57:21.05 33.56 -116.72 12.5 6.4323409460E-03 6.4323410392E-02 270 60 -60 9.5041379333E-02
2018-08-15T08:57:49.23 33.48 -116.8 7.5 6.9877267815E-03 6.9877266884E-02 30 90 0 8.1120744348E-02
2018-08-15T08:58:08.41 33.5 -116.8 2.5 7.2330283001E-03 7.2330281138E-02 90 90 60 9.5651604235E-02
2018-08-15T08:58:19.44 33.48 -116.78 7.5 6.8974257447E-03 6.8974256516E-02 0 60 0 8.1331029534E-02
2018-08-15T09:00:32.52 33.44 -116.84 17.5 6.5503907390E-03 6.5503910184E-02 90 90 -30 9.1494962573E-02
2018-08-15T09:02:04.68 33.5 -116.76 17.5 6.6938148811E-03 6.6938146949E-02 60 90 -60 9.2376217246E-02
2018-08-15T09:05:42.54 33.54 -116.74 12.5 6.6531505436E-03 6.6531509161E-02 90 90 30 8.8781878352E-02
2018-08-15T09:06:56.58 33.52 -116.76 7.5 6.6827177070E-03 6.6827178001E-02 180 30 60 8.8450670242E-02
2018-08-15T09:08:35.6 33.52 -116.78 17.5 6.4300489612E-03 6.4300492406E-02 90 30 90 8.4128923714E-02
2018-08-15T09:10:38.23 33.54 -116.82 12.5 6.6358554177E-03 6.6358551383E-02 60 90 -30 1.0063262284E-01
2018-08-15T09:13:09 33.5 -116.78 7.5 6.5744300373E-03 6.5744303167E-02 150 60 -30 8.8245682418E-02
2018-08-15T09:14:51.69 33.54 -116.74 2.5 7.0878714323E-03 7.0878714323E-02 90 60 -90 9.2349089682E-02
2018-08-15T09:19:04 33.5 -116.78 12.5 6.6835121252E-03 6.6835120320E-02 330 60 30 7.7797114849E-02
2018-08-15T09:20:31.19 33.48 -116.78 12.5 6.6015245393E-03 6.6015243530E-02 120 60 30 9.5091968775E-02
2018-08-15T09:26:26.99 33.54 -116.74 12.5 6.4686904661E-03 6.4686901867E-02 90 30 90 7.2994865477E-02
2018-08-15T09:29:45.09 33.54 -116.74 12.5 6.3536497764E-03 6.3536494970E-02 60 60 -90 8.9234538376E-02
2018-08-15T09:30:10.49 33.48 -116.76 7.5 6.7943888716E-03 6.7943885922E-02 30 30 0 8.8764414191E-02
2018-08-15T09:32:05.01 33.54 -116.72 12.5 6.7582395859E-03 6.7582398653E-02 330 30 -30 8.0987371504E-02
2018-08-15T09:33:10.63 33.46 -116.78 2.5 7.3458366096E-03 7.3458366096E-02 150 90 30 9.0080633759E-02
2018-08-15T09:35:41.78 33.56 -116.74 12.5 6.5969442949E-03 6.5969444811E-02 150 30 -30 7.7561721206E-02
2018-08-15T09:36:05.6 33.5 -116.78 7.5 6.8425168283E-03 6.8425171077E-02 30 90 -60 1.1569576710E-01
2018-08-15T09:38:25.06 33.5 -116.82 7.5 6.8863700144E-03 6.8863697350E-02 330 60 30 8.6456626654E-02
2018-08-15T09:38:50.6 33.5 -116.78 7.5 6.9708074443E-03 6.9708071649E-02 90 30 0 1.0104739666E-01
2018-08-15T09:40:15.23 33.52 -116.76 7.5 6.6242488101E-03 6.6242486238E-02 90 60 -90 8.7440192699E-02
2018-08-15T09:50:38.3 33.48 -116.74 17.5 6.4893825911E-03 6.4893826842E-02 0 60 -60 9.1364897788E-02
2018-08-15T09:51:03.79 33.48 -116.88 7.5 6.7153549753E-03 6.7153550684E-02 180 30 -60 7.5340449810E-02
2018-08-15T09:51:32.44 33.48 -116.76 7.5 6.8016662262E-03 6.8016663194E-02 120 90 30 1.1116926372E-01
2018-08-15T09:51:54.42 33.44 -116.74 7.5 6.6618323326E-03 6.6618323326E-02 90 30 -30 9.1644205153E-02
2018-08-15T09:53:53.95 33.5 -116.78 7.5 6.9708134979E-03 6.9708138704E-02 0 90 -60 9.3456700444E-02
2018-08-15T09:57:02.41 33.5 -116.8 2.5 6.9362805225E-03 6.9362804294E-02 150 90 0 8.7991267443E-02
2018-08-15T09:58:49.26 33.56 -116.78 12.5 6.8408506922E-03 6.8408504128E-02 330 60 -60 9.4068802893E-02
2018-08-15T10:00:27.09 33.54 -116.76 7.5 6.7918701097E-03 6.7918702960E-02 120 60 0 8.6983099580E-02
2018-08-15T10:01:36.04 33.5 -116.76 12.5 6.8359239958E-03 6.8359240890E-02 150 90 -60 8.0738797784E-02
2018-08-15T10:02:25.8 33.5 -116.78 7.5 6.7236768082E-03 6.7236766219E-02 120 90 -60 7.7728874981E-02
2018-08-15T10:02:38.32 33.54 -116.72 7.5 6.6839489155E-03 6.6839486361E-02 180 60 -60 8.5693940520E-02
2018-08-15T10:06:10.81 33.5 -116.8 2.5 7.0707038976E-03 7.0707038045E-02 330 60 30 8.8231638074E-02
2018-08-15T10:06:40.77 33.54 -116.72 7.5 7.0414100774E-03 7.0414103568E-02 90 60 30 9.7393929958E-02
2018-08-15T10:06:54.53 33.48 -116.8 7.5 6.9981380366E-03 6.9981381297E-02 300 60 30 8.1222176552E-02
2018-08-15T10:09:50.37 33.52 -116.72 12.5 6.7048235796E-03 6.7048236728E-02 210 60 -30 9.5587231219E-02
2018-08-15T10:10:43.09 33.52 -116.8 12.5 6.5331337973E-03 6.5331339836E-02 300 30 60 9.2563249171E-02
2018-08-15T10:12:21.8 33.44 -116.74 2.5 6.7256679758E-03 6.7256681621E-02 30 30 0 8.1796415150E-02
2018-08-15T10:13:41.04 33.48 -116.76 7.5 6.7900503054E-03 6.7900501192E-02 330 30 -30 9.5380425453E-02
2018-08-15T10:13:55.31 33.56 -116.76 7.5 6.3856341876E-03 6.3856340945E-02 180 60 30 8.0077677965E-02
2018-08-15T10:14:12.54 33.48 -116.78 7.5 6.9988071918E-03 6.9988071918E-02 0 90 -60 1.0253265500E-01
2018-08-15T10:15:40.85 33.56 -116.72 12.5 6.6351550631E-03 6.6351547837E-02 30 90 0 8.0048829317E-02
2018-08-15T10:16:09.78 33.52 -116.76 7.5 6.8396660499E-03 6.8396657705E-02 120 60 30 8.1252425909E-02
2018-08-15T10:16:54.47 33.54 -116.86 7.5 6.6640577279E-03 6.6640578210E-02 180 60 -30 7.4257865548E-02
2018-08-15T10:18:50.25 33.54 -116.78 12.5 6.7538679577E-03 6.7538678646E-02 30 30 -90 1.0470522940E-01
2018-08-15T10:20:12.42 33.48 -116.78 2.5 7.1175433695E-03 7.1175433695E-02 60 30 -30 8.6567625403E-02
2018-08-15T10:21:35.34 33.42 -116.78 17.5 6.6216164269E-03 6.6216163337E-02 120 30 0 1.0416883230E-01
2018-08-15T10:22:06.54 33.42 -116.72 2.5 6.7265839316E-03 6.7265838385E-02 90 90 60 1.0662951320E-01
2018-08-15T10:25:36.19 33.56 -116.74 7.5 6.7191421986E-03 6.7191421986E-02 0 90 0 8.8253818452E-02
2018-08-15T10:26:03.6 33.5 -116.78 7.5 6.8425168283E-03 6.8425171077E-02 30 90 -60 8.0672517419E-02
2018-08-15T10:33:05.55 33.52 -116.78 17.5 6.5824990161E-03 6.5824992955E-02 60 60 90 9.2144928873E-02
2018-08-15T10:33:52.38 33.48 -116.8 7.5 6.9705150090E-03 6.9705151021E-02 120 60 0 8.7680727243E-02
2018-08-15T10:35:29.18 33.54 -116.72 17.5 6.4659398049E-03 6.4659401774E-02 180 60 30 7.3460310698E-02
2018-08-15T10:36:14.68 33.54 -116.76 12.5 6.4829462208E-03 6.4829461277E-02 0 90 -30 9.8732404411E-02
2018-08-15T10:40:09.09 33.54 -116.76 7.5 6.9035151973E-03 6.9035150111E-02 150 30 -60 7.6522625983E-02
2018-08-15T10:40:34.93 33.4 -116.8 12.5 6.6204094328E-03 6.6204093397E-02 30 30 60 8.3936333656E-02
2018-08-15T10:43:14.55 33.5 -116.78 7.5 6.7571117543E-03 6.7571118474E-02 30 90 -30 8.3230726421E-02
2018-08-15T10:46:15.61 33.56 -116.78 2.5 6.9344048388E-03 6.9344051182E-02 0 60 90 7.7219843864E-02
2018-08-15T10:46:46.89 33.48 -116.78 7.5 6.9988071918E-03 6.9988071918E-02 90 30 0 1.0344676673E-01
2018-08-15T10:53:17.37 33.54 -116.78 7.5 6.7352191545E-03 6.7352190614E-02 60 60 30 8.2321047783E-02
2018-08-15T10:54:01.84 33.52 -116.8 12.5 6.5695918165E-03 6.5695919096E-02 120 90 -60 7.4605479836E-02
2018-08-15T10:57:25.74 33.48 -116.78 7.5 6.8740271963E-03 6.8740271032E-02 60 30 -30 1.0217539221E-01
2018-08-15T10:58:12.47 33.5 -116.8 17.5 6.7718122154E-03 6.7718118429E-02 0 30 0 8.2692034543E-02
2018-08-15T10:59:12.3 33.56 -116.72 12.5 6.6116480157E-03 6.6116482019E-02 120 90 -30 9.1491654515E-02
2018-08-15T11:02:06.02 33.52 -116.8 7.5 6.7632645369E-03 6.7632645369E-02 150 30 0 9.6677899361E-02
2018-08-15T11:05:24.93 33.48 -116.82 2.5 7.0133754052E-03 7.0133753121E-02 180 60 0 1.0013356805E-01
2018-08-15T11:06:34.48 33.5 -116.8 7.5 7.0151262917E-03 7.0151261985E-02 180 30 60 8.2094430923E-02
2018-08-15T11:08:33.44 33.48 -116.78 7.5 6.8373889662E-03 6.8373888731E-02 30 30 30 1.0494276881E-01
2018-08-15T11:10:51.3 33.56 -116.72 17.5 6.5353983082E-03 6.5353982151E-02 300 60 -60 8.0185137689E-02
2018-08-15T11:11:38.46 33.56 -116.8 17.5 6.7012864165E-03 6.7012861371E-02 240 30 -30 7.4740499258E-02
2018-08-15T11:12:52.33 33.52 -116.8 17.5 6.4658964984E-03 6.4658962190E-02 150 60 -90 7.5876221061E-02
2018-08-15T11:14:09.49 33.54 -116.74 12.5 6.6978954710E-03 6.6978953779E-02 180 30 -60 8.6962044239E-02
2018-08-15T11:17:45.34 33.54 -116.76 7.5 6.8545104004E-03 6.8545103073E-02 90 60 0 7.7263720334E-02
2018-08-15T11:21:59.53 33.5 -116.8 12.5 6.7408783361E-03 6.7408785224E-02 0 30 30 8.3995833993E-02
2018-08-15T11:22:35.64 33.52 -116.76 12.5 6.7743766122E-03 6.7743763328E-02 120 30 -30 7.7007904649E-02
2018-08-15T11:24:38.8 33.52 -116.78 17.5 6.4281751402E-03 6.4281754196E-02 150 60 90 8.7483838201E-02
2018-08-15T11:26:26.2 33.5 -116.78 7.5 6.7856363021E-03 6.7856363952E-02 60 60 0 7.8488111496E-02
2018-08-15T11:26:43.36 33.52 -116.72 17.5 6.7127710208E-03 6.7127712071E-02 330 30 0 9.0857587755E-02
2018-08-15T11:28:14.25 33.52 -116.74 12.5 6.4145387150E-03 6.4145386219E-02 330 60 0 9.2093408108E-02
2018-08-15T11:30:02.16 33.56 -116.78 12.5 6.8408506922E-03 6.8408504128E-02 330 60 -60 8.1949025393E-02
2018-08-15T11:33:40.39 33.54 -116.76 7.5 6.7918701097E-03 6.7918702960E-02 120 60 0 7.6088041067E-02
2018-08-15T11:35:17.53 33.48 -116.78 17.5 6.5660979599E-03 6.5660983324E-02 90 90 60 9.4213515520E-02
2018-08-15T11:35:56.66 33.4 -116.78 12.5 6.7467764020E-03 6.7467764020E-02 30 60 -90 9.1694951057E-02
2018-08-15T11:36:23.84 33.5 -116.76 7.5 6.7358976230E-03 6.7358978093E-02 120 90 -30 8.5033014417E-02
2018-08-15T11:38:30.8 33.52 -116.82 17.5 6.5168882720E-03 6.5168879926E-02 330 30 60 7.3282897472E-02
2018-08-15T11:42:47 33.46 -116.88 7.5 6.8542310037E-03 6.8542309105E-02 120 30 0 9.7358554602E-02
2018-08-15T11:45:25.29 33.48 -116.78 7.5 6.9408658892E-03 6.9408655167E-02 150 30 -90 1.1098536849E-01
2018-08-15T11:45:53.95 33.5 -116.78 7.5 6.9708134979E-03 6.9708138704E-02 0 90 -60 8.0648310483E-02
2018-08-15T11:48:46.72 33.54 -116.72 7.5 6.7856586538E-03 6.7856587470E-02 0 60 30 7.5562208891E-02
2018-08-15T11:51:26.09 33.42 -116.78 17.5 6.7212143913E-03 6.7212142050E-02 90 90 -60 8.4380395710E-02
2018-08-15T11:51:52 33.52 -116.82 17.5 6.6811642610E-03 6.6811643541E-02 60 90 0 9.5855697989E-02
2018-08-15T11:52:14.25 33.52 -116.78 2.5 7.1320929565E-03 7.1320928633E-02 90 30 -30 8.0858856440E-02
2018-08-15T11:54:28.38 33.54 -116.76 12.5 6.4410367049E-03 6.4410366118E-02 240 60 60 7.4040077627E-02
2018-08-15T11:56:01.29 33.5 -116.76 7.5 6.7758141086E-03 6.7758142948E-02 120 90 0 9.4084605575E-02
2018-08-15T12:04:16.93 33.5 -116.8 7.5 6.5895672888E-03 6.5895676613E-02 240 30 30 7.4109256268E-02
2018-08-15T12:04:41.06 33.42 -116.74 12.5 6.7098722793E-03 6.7098721862E-02 90 60 30 9.0274408460E-02
2018-08-15T12:05:12.98 33.48 -116.8 7.5 6.9170533679E-03 6.9170534611E-02 270 60 60 8.4493234754E-02
2018-08-15T12:09:33.4 33.54 -116.78 12.5 6.8308487535E-03 6.8308487535E-02 240 60 -60 9.0329036117E-02
2018-08-15T12:10:16.33 33.46 -116.76 12.5 6.6789025441E-03 6.6789023578E-02 60 60 0 7.4963554740E-02
2018-08-15T12:10:31.87 33.46 -116.78 7.5 7.0343040861E-03 7.0343039930E-02 90 60 -30 1.1277540773E-01
2018-08-15T12:11:36.83 33.54 -116.76 12.5 6.5932553262E-03 6.5932556987E-02 300 60 -30 9.8441995680E-02
2018-08-15T12:12:44.24 33.5 -116.88 7.5 6.8604932167E-03 6.8604931235E-02 150 90 -60 8.9879721403E-02
2018-08-15T12:17:05.42 33.44 -116.82 12.5 6.5458207391E-03 6.5458208323E-02 90 60 -30 8.5027374327E-02
2018-08-15T12:17:30.14 33.44 -116.8 12.5 6.5678250976E-03 6.5678253770E-02 240 60 -30 9.9677383900E-02
2018-08-15T12:19:28.62 33.48 -116.78 2.5 7.1522234939E-03 7.1522235870E-02 90 60 -30 1.1584866047E-01
2018-08-15T12:24:58.32 33.54 -116.72 7.5 7.0414100774E-03 7.0414103568E-02 90 60 30 1.1142981052E-01
2018-08-15T12:34:24.69 33.5 -116.76 12.5 6.5956716426E-03 6.5956719220E-02 0 90 60 8.7360806763E-02
2018-08-15T12:35:13.9 33.5 -116.72 17.5 6.5460298210E-03 6.5460294485E-02 30 60 30 7.2947300971E-02
2018-08-15T12:44:39.39 33.46 -116.78 17.5 6.5921060741E-03 6.5921060741E-02 210 60 30 7.3582604527E-02
2018-08-15T12:46:28.4 33.46 -116.82 7.5 6.9320658222E-03 6.9320656359E-02 120 30 90 1.0989474505E-01
2018-08-15T12:52:32.51 33.5 -116.8 2.5 7.2458479553E-03 7.2458475828E-02 0 60 0 8.8261581957E-02
2018-08-15T12:57:28.93 33.54 -116.72 17.5 6.5032769926E-03 6.5032772720E-02 60 60 30 7.6148048043E-02
2018-08-15T13:01:52.19 33.54 -116.74 7.5 6.6089704633E-03 6.6089704633E-02 150 60 -30 8.2650765777E-02
2018-08-15T13:02:07.38 33.5 -116.78 2.5 6.7535862327E-03 6.7535862327E-02 0 30 -30 8.3021983504E-02
2018-08-15T13:03:03.38 33.5 -116.8 7.5 6.8554910831E-03 6.8554908037E-02 120 90 60 9.5674008131E-02
2018-08-15T13:08:46.94 33.54 -116.76 7.5 6.7309779115E-03 6.7309781909E-02 180 60 0 7.4172355235E-02
2018-08-15T13:09:43.78 33.54 -116.76 12.5 6.5777814016E-03 6.5777815878E-02 270 60 30 7.9914428294E-02
2018-08-15T13:09:55.3 33.56 -116.72 17.5 6.5093305893E-03 6.5093308687E-02 270 30 60 8.1533774734E-02
2018-08-15T13:10:21.31 33.56 -116.76 7.5 6.5138125792E-03 6.5138123930E-02 330 30 -60 7.4751704931E-02
2018-08-15T13:12:44.56 33.5 -116.72 2.5 7.1460767649E-03 7.1460768580E-02 30 60 -60 8.0206796527E-02
2018-08-15T13:14:08.94 33.52 -116.76 12.5 6.9334283471E-03 6.9334283471E-02 120 30 0 8.8208481669E-02
2018-08-15T13:16:20.43 33.54 -116.86 17.5 6.4383493736E-03 6.4383491874E-02 210 60 60 8.5433110595E-02
2018-08-15T13:17:24.55 33.5 -116.78 7.5 6.6109029576E-03 6.6109031439E-02 240 60 30 8.3962760866E-02
2018-08-15T13:19:11.48 33.48 -116.78 17.5 6.7496201955E-03 6.7496202886E-02 300 60 60 7.5173512101E-02
2018-08-15T13:21:05.66 33.5 -116.72 2.5 7.2683813050E-03 7.2683811188E-02 120 30 60 9.0787984431E-02
2018-08-15T13:25:09.9 33.48 -116.88 17.5 6.5277665854E-03 6.5277665854E-02 240 60 30 9.0267688036E-02
2018-08-15T13:27:19.63 33.54 -116.74 17.5 6.5454039723E-03 6.5454035997E-02 300 60 30 7.2060875595E-02
2018-08-15T13:28:59.49 33.56 -116.86 17.5 6.7058815621E-03 6.7058816552E-02 150 90 0 7.5200386345E-02
2018-08-15T13:33:51.22 33.48 -116.8 17.5 6.3598402776E-03 6.3598401845E-02 90 60 90 7.5488731265E-02
2018-08-15T13:34:10.65 33.54 -116.78 12.5 6.7698312923E-03 6.7698314786E-02 0 30 60 1.0334215313E-01
2018-08-15T13:38:34.03 33.5 -116.8 7.5 6.8554910831E-03 6.8554908037E-02 120 90 60 9.6564106643E-02
2018-08-15T13:40:06.98 33.52 -116.76 7.5 6.7561767064E-03 6.7561767995E-02 120 30 30 1.0424770415E-01
2018-08-15T13:46:31.31 33.56 -116.78 12.5 6.8408506922E-03 6.8408504128E-02 330 60 -60 1.0618735850E-01
2018-08-15T13:46:55.3 33.5 -116.78 7.5 6.8425168283E-03 6.8425171077E-02 30 90 -60 1.0472042114E-01
2018-08-15T13:48:00.03 33.52 -116.8 17.5 6.4929653890E-03 6.4929656684E-02 0 30 -60 1.1178737134E-01
2018-08-15T13:50:04.19 33.56 -116.78 7.5 6.8873791024E-03 6.8873792887E-02 90 60 -30 8.1781424582E-02
2018-08-15T13:58:33.57 33.48 -116.78 2.5 7.3342933320E-03 7.3342934251E-02 330 60 -30 8.5623972118E-02
2018-08-15T13:58:46.99 33.5 -116.76 7.5 6.5735839307E-03 6.5735839307E-02 60 90 -30 8.0703452229E-02
2018-08-15T14:01:08.06 33.48 -116.74 7.5 6.7859245464E-03 6.7859247327E-02 210 60 0 7.5365945697E-02
2018-08-15T14:03:17.2 33.5 -116.78 7.5 7.0645264350E-03 7.0645265281E-02 330 30 0 9.6130348742E-02
2018-08-15T14:10:43.1 33.54 -116.78 12.5 6.5197437070E-03 6.5197438002E-02 60 30 -90 8.6855769157E-02
2018-08-15T14:11:21.34 33.4 -116.8 7.5 7.0342984982E-03 7.0342987776E-02 120 30 30 8.6173899472E-02
2018-08-15T14:11:36.19 33.56 -116.78 7.5 6.6908518784E-03 6.6908515990E-02 30 60 -30 8.4807962179E-02
2018-08-15T14:13:25.89 33.5 -116.76 12.5 6.4850533381E-03 6.4850531518E-02 30 60 -30 9.8459184170E-02
2018-08-15T14:13:50.79 33.48 -116.78 12.5 6.3928449526E-03 6.3928447664E-02 90 60 60 9.2072345316E-02
2018-08-15T14:17:26.22 33.42 -116.86 7.5 6.7643928342E-03 6.7643925548E-02 90 60 -30 9.0122729540E-02
2018-08-15T14:21:59.7 33.5 -116.78 7.5 6.8758227862E-03 6.8758226931E-02 330 30 30 8.1428565085E-02
2018-08-15T14:25:44.59 33.42 -116.72 2.5 6.4458036795E-03 6.4458034933E-02 120 30 -30 7.2338208556E-02
2018-08-15T14:27:00.43 33.56 -116.74 12.5 6.5902750939E-03 6.5902754664E-02 120 30 -90 8.1084206700E-02
2018-08-15T14:27:32.89 33.48 -116.76 7.5 6.8016662262E-03 6.8016663194E-02 120 90 30 9.1263666749E-02
2018-08-15T14:33:55.04 33.54 -116.74 12.5 6.4750085585E-03 6.4750082791E-02 120 30 -60 9.9590681493E-02
2018-08-15T14:36:02.79 33.52 -116.76 12.5 6.4059295692E-03 6.4059294760E-02 120 30 90 8.8325858116E-02
2018-08-15T14:37:29.1 33.56 -116.72 12.5 6.4756879583E-03 6.4756877720E-02 120 60 -30 8.5696272552E-02
2018-08-15T14:41:37.71 33.56 -116.78 12.5 6.8739792332E-03 6.8739794195E-02 150 90 -30 9.4791531563E-02
2018-08-15T14:42:12.53 33.54 -116.72 17.5 6.7161950283E-03 6.7161947489E-02 60 30 60 9.5482394099E-02
2018-08-15T14:48:24.44 33.52 -116.8 2.5 6.8606748246E-03 6.8606749177E-02 210 60 60 7.6200626791E-02
2018-08-15T14:52:16.69 33.42 -116.8 7.5 6.6679143347E-03 6.6679142416E-02 240 60 60 7.9269498587E-02
2018-08-15T14:53:34.74 33.54 -116.74 7.5 6.6092764027E-03 6.6092766821E-02 270 30 0 8.0776080489E-02
2018-08-15T14:55:15.64 33.54 -116.74 7.5 6.6395392641E-03 6.6395394504E-02 90 30 90 7.4826002121E-02
2018-08-15T14:56:26.41 33.56 -116.78 12.5 6.8739792332E-03 6.8739794195E-02 150 90 -30 1.0488687456E-01
2018-08-15T14:56:37.3 33.5 -116.72 17.5 6.7273844033E-03 6.7273840308E-02 90 90 30 8.4105327725E-02
2018-08-15T14:59:00.79 33.54 -116.74 7.5 6.8848687224E-03 6.8848684430E-02 30 90 -30 1.0401367396E-01
2018-08-15T15:01:36.97 33.56 -116.82 7.5 6.8700229749E-03 6.8700231612E-02 180 60 60 8.9941889048E-02
2018-08-15T15:03:52.97 33.5 -116.72 7.5 6.6297724843E-03 6.6297724843E-02 150 90 30 7.8351639211E-02
2018-08-15T15:04:04.97 33.46 -116.72 12.5 6.6135539673E-03 6.6135540605E-02 0 60 0 8.0186203122E-02
2018-08-15T15:04:26.64 33.46 -116.76 17.5 6.7872498184E-03 6.7872494459E-02 150 30 0 8.5012607276E-02
2018-08-15T15:05:02.5 33.5 -116.78 7.5 6.7579126917E-03 6.7579127848E-02 0 30 -60 8.4191679955E-02
2018-08-15T15:16:09.78 33.54 -116.76 12.5 6.4829476178E-03 6.4829476178E-02 90 60 0 8.6402460933E-02
2018-08-15T15:17:55.23 33.46 -116.76 12.5 6.5569798462E-03 6.5569795668E-02 90 90 0 7.6049655676E-02
2018-08-15T15:21:39.14 33.52 -116.74 7.5 6.8735172972E-03 6.8735174835E-02 240 60 30 7.6925009489E-02
2018-08-15T15:21:58.9 33.52 -116.78 2.5 7.3061008006E-03 7.3061004281E-02 120 30 0 8.2199156284E-02
2018-08-15T15:26:25.98 33.56 -116.74 2.5 6.7084343173E-03 6.7084342241E-02 60 30 60 9.3298539519E-02
2018-08-15T15:28:20.17 33.54 -116.78 17.5 6.5870857798E-03 6.5870858729E-02 120 30 -30 7.3349669576E-02
2018-08-15T15:28:41.84 33.5 -116.76 7.5 6.5416051075E-03 6.5416052938E-02 240 60 60 8.9093729854E-02
2018-08-15T15:37:39.99 33.52 -116.74 7.5 6.5954495221E-03 6.5954491496E-02 30 90 0 8.9070856571E-02
2018-08-15T15:38:14.78 33.52 -116.76 7.5 6.7552658729E-03 6.7552655935E-02 150 30 30 7.9670004547E-02
2018-08-15T15:41:07.76 33.52 -116.72 17.5 6.6918255761E-03 6.6918253899E-02 120 90 60 8.0574005842E-02
2018-08-15T15:44:28.92 33.54 -116.78 7.5 6.7914514802E-03 6.7914515734E-02 300 60 0 8.6302258074E-02
2018-08-15T15:45:19.14 33.5 -116.76 7.5 6.5461783670E-03 6.5461784601E-02 120 60 -30 8.5540555418E-02
2018-08-15T15:45:30.59 33.42 -116.82 7.5 6.7915064283E-03 6.7915067077E-02 30 90 -60 8.1194877625E-02
2018-08-15T15:51:02.04 33.56 -116.72 7.5 6.7520556040E-03 6.7520558834E-02 120 60 -60 7.6269581914E-02
2018-08-15T15:51:22.31 33.5 -116.8 2.5 6.9153197110E-03 6.9153197110E-02 150 30 0 8.3483994007E-02
2018-08-15T15:56:18.02 33.48 -116.78 2.5 6.9780554622E-03 6.9780558348E-02 150 30 60 9.6167273819E-02
2018-08-15T15:57:19.04 33.56 -116.72 7.5 6.8625109270E-03 6.8625107408E-02 60 30 -90 7.8161977232E-02
2018-08-15T15:57:31.7 33.5 -116.82 2.5 7.2082993574E-03 7.2082996368E-02 120 60 0 9.3552455306E-02
2018-08-15T15:58:01.08 33.54 -116.88 7.5 6.9328146055E-03 6.9328144193E-02 30 60 60 7.6265290380E-02
2018-08-15T15:59:20.65 33.52 -116.78 2.5 6.7794877104E-03 6.7794874310E-02 0 30 -60 8.4287136793E-02
2018-08-15T16:06:20.03 33.54 -116.76 12.5 6.6648274660E-03 6.6648274660E-02 90 90 0 7.8384496272E-02
2018-08-15T16:08:44.4 33.4 -116.84 2.5 6.6152550280E-03 6.6152550280E-02 60 60 90 7.4110373855E-02
2018-08-15T16:24:07.59 33.54 -116.74 12.5 6.4750085585E-03 6.4750082791E-02 120 30 -60 1.0461117327E-01
2018-08-15T16:25:35.85 33.54 -116.78 12.5 6.6582970321E-03 6.6582970321E-02 150 90 0 9.4616800547E-02
2018-08-15T16:29:29.23 33.5 -116.8 12.5 6.4773410559E-03 6.4773410559E-02 150 60 0 8.6247645319E-02
2018-08-15T16:30:38.61 33.52 -116.72 17.5 6.5335817635E-03 6.5335817635E-02 120 30 -30 1.0760957003E-01
2018-08-15T16:31:02.76 33.52 -116.74 17.5 6.4444248565E-03 6.4444251359E-02 90 60 -30 7.8590683639E-02
2018-08-15T16:37:23.99 33.52 -116.76 12.5 6.6551147029E-03 6.6551148891E-02 0 90 -60 8.4787152708E-02
2018-08-15T16:39:14.35 33.5 -116.88 17.5 6.6478857771E-03 6.6478855908E-02 180 60 -30 7.7934436500E-02
2018-08-15T16:39:26.93 33.54 -116.88 7.5 6.5366867930E-03 6.5366864204E-02 90 90 0 7.7962629497E-02
2018-08-15T16:43:27.89 33.46 -116.84 17.5 6.6955550574E-03 6.6955551505E-02 30 30 -60 7.6082304120E-02
2018-08-15T16:52:15.04 33.56 -116.74 7.5 6.6964915022E-03 6.6964916885E-02 0 30 -30 8.9173808694E-02
2018-08-15T16:54:11.46 33.48 -116.8 2.5 7.0191281848E-03 7.0191279054E-02 150 90 -60 7.8830853105E-02
2018-08-15T16:57:16.88 33.48 -116.8 12.5 6.5828482620E-03 6.5828479826E-02 120 60 60 9.9890932441E-02
2018-08-15T16:58:45.34 33.52 -116.8 12.5 6.5496135503E-03 6.5496131778E-02 120 60 60 9.0734295547E-02
2018-08-15T17:01:05.4 33.46 -116.82 17.5 6.7229312845E-03 6.7229315639E-02 60 60 30 7.5226023793E-02
2018-08-15T17:01:42.97 33.46 -116.8 7.5 6.8583441898E-03 6.8583443761E-02 90 30 0 7.8391298652E-02
2018-08-15T17:05:47.83 33.48 -116.84 17.5 6.6356742755E-03 6.6356740892E-02 120 60 0 9.5523282886E-02
2018-08-15T17:14:18.97 33.44 -116.82 12.5 6.5458207391E-03 6.5458208323E-02 90 60 -30 8.3151772618E-02
2018-08-15T17:21:26.5 33.52 -116.86 7.5 6.7672892474E-03 6.7672893405E-02 330 60 -60 8.6849391460E-02
2018-08-15T17:21:53.37 33.4 -116.86 7.5 6.8597588688E-03 6.8597584963E-02 150 30 90 8.3223491907E-02
2018-08-15T17:22:49.67 33.46 -116.72 7.5 6.9573931396E-03 6.9573931396E-02 60 60 90 1.0090747476E-01
2018-08-15T17:25:19.22 33.46 -116.8 7.5 6.9789611734E-03 6.9789610803E-02 150 30 60 9.1000378132E-02
2018-08-15T17:28:14.35 33.44 -116.86 7.5 6.6427467391E-03 6.6427469254E-02 90 90 -60 7.8626066446E-02
2018-08-15T17:31:16.95 33.56 -116.72 12.5 6.6125425510E-03 6.6125422716E-02 30 60 0 7.7588140965E-02
2018-08-15T17:31:39.61 33.42 -116.74 12.5 6.6866730340E-03 6.6866733134E-02 180 30 30 8.3629697561E-02
2018-08-15T17:36:43.9 33.5 -116.74 12.5 6.5644336864E-03 6.5644338727E-02 30 60 -60 9.1338947415E-02
2018-08-15T17:42:13.43 33.52 -116.88 12.5 6.5736123361E-03 6.5736122429E-02 330 30 -30 7.3570854962E-02
2018-08-15T17:43:13.43 33.56 -116.74 12.5 6.5617416985E-03 6.5617419779E-02 0 30 -60 8.5720986128E-02
2018-08-15T17:43:58.55 33.5 -116.78 7.5 6.9708134979E-03 6.9708138704E-02 0 90 -60 7.8058347106E-02
2018-08-15T17:48:49.67 33.56 -116.8 12.5 6.4437910914E-03 6.4437910914E-02 90 60 -60 7.4643373489E-02
2018-08-15T17:49:30.5 33.5 -116.78 7.5 6.6709383391E-03 6.6709384322E-02 60 90 -60 7.9795353115E-02
2018-08-15T18:05:30.08 33.52 -116.82 2.5 7.1243359707E-03 7.1243360639E-02 60 30 -60 9.4407290220E-02
2018-08-15T18:07:34.9 33.48 -116.82 12.5 6.6362251528E-03 6.6362254322E-02 180 30 -60 7.5342811644E-02
2018-08-15T18:09:57.14 33.54 -116.74 12.5 6.4750085585E-03 6.4750082791E-02 120 30 -60 1.1273393035E-01
2018-08-15T18:22:14.55 33.5 -116.8 2.5 6.9866823032E-03 6.9866821170E-02 0 60 90 9.4147637486E-02
2018-08-15T18:23:34.91 33.5 -116.78 7.5 6.6442554817E-03 6.6442556679E-02 240 30 0 9.1136261821E-02
2018-08-15T18:28:25.73 33.54 -116.76 12.5 6.5200245008E-03 6.5200246871E-02 180 30 0 8.3600603044E-02
2018-08-15T18:39:27.58 33.52 -116.76 7.5 6.7073702812E-03 6.7073702812E-02 120 90 0 7.6682701707E-02
2018-08-15T18:39:55.81 33.56 -116.76 7.5 6.7295744084E-03 6.7295745015E-02 0 90 -60 7.8900709748E-02
2018-08-15T18:42:15.79 33.52 -116.76 12.5 6.6186515614E-03 6.6186517477E-02 90 30 -60 8.7511569262E-02
2018-08-15T18:47:17.59 33.54 -116.74 12.5 6.4686904661E-03 6.4686901867E-02 90 30 -90 9.1274030507E-02
2018-08-15T18:47:40.1 33.52 -116.82 17.5 6.4441896975E-03 6.4441896975E-02 90 60 -60 9.8429918289E-02
2018-08-15T19:01:23.45 33.5 -116.78 7.5 6.7835897207E-03 6.7835897207E-02 30 60 0 8.2827359438E-02
2018-08-15T19:05:59.89 33.54 -116.74 12.5 6.5076965839E-03 6.5076962113E-02 270 60 -60 1.0269378126E-01
2018-08-15T19:09:42.26 33.5 -116.88 12.5 6.7614750005E-03 6.7614749074E-02 0 60 -90 7.5782239437E-02
2018-08-15T19:19:34.1 33.42 -116.88 7.5 6.8135471083E-03 6.8135470152E-02 60 30 -60 8.2737788558E-02
2018-08-15T19:21:46.59 33.52 -116.76 12.5 6.7810448818E-03 6.7810446024E-02 150 30 -30 8.4523551166E-02
2018-08-15T19:21:56.91 33.56 -116.72 12.5 6.4323409460E-03 6.4323410392E-02 270 60 -60 7.4372954667E-02
2018-08-15T19:23:42.73 33.54 -116.76 12.5 6.6458862275E-03 6.6458866000E-02 300 30 0 1.1062403023E-01
2018-08-15T19:24:12.42 33.54 -116.78 7.5 6.6051688045E-03 6.6051691771E-02 60 30 -60 8.3566561341E-02
2018-08-15T19:24:57.21 33.56 -116.76 7.5 6.6881412640E-03 6.6881410778E-02 90 30 30 8.4557905793E-02
2018-08-15T19:27:55.8 33.56 -116.72 12.5 6.5306709148E-03 6.5306708217E-02 120 30 -60 7.4227906764E-02
2018-08-15T19:28:28.7 33.52 -116.78 2.5 7.0915711112E-03 7.0915713906E-02 120 60 -30 7.8592792153E-02
2018-08-15T19:35:48.75 33.5 -116.78 7.5 6.7198318429E-03 6.7198321223E-02 150 60 0 8.2150742412E-02
2018-08-15T19:37:15.34 33.54 -116.74 7.5 6.9403550588E-03 6.9403551519E-02 90 90 60 9.6153467894E-02
2018-08-15T19:41:26.03 33.56 -116.74 12.5 6.7281662486E-03 6.7281663418E-02 0 30 90 1.1229377985E-01
2018-08-15T19:46:39.05 33.5 -116.76 7.5 6.7375749350E-03 6.7375749350E-02 120 90 30 1.0843686759E-01
2018-08-15T19:47:32.2 33.56 -116.72 12.5 6.6125425510E-03 6.6125422716E-02 30 60 0 7.4347972870E-02
2018-08-15T19:48:53.28 33.5 -116.8 7.5 6.8554910831E-03 6.8554908037E-02 120 90 60 1.0829164088E-01
2018-08-15T19:50:34.91 33.56 -116.72 12.5 6.5611633472E-03 6.5611630678E-02 240 60 30 8.1139981747E-02
2018-08-15T19:52:03.24 33.54 -116.74 12.5 6.6097942181E-03 6.6097944975E-02 60 30 90 8.2826316357E-02
2018-08-15T19:57:12.36 33.5 -116.8 2.5 6.9215232506E-03 6.9215230644E-02 150 60 0 1.0458329320E-01
2018-08-15T20:02:00.48 33.5 -116.74 7.5 6.6296253353E-03 6.6296249628E-02 60 30 -30 9.5949821174E-02
2018-08-15T20:05:41.66 33.54 -116.78 12.5 6.4592277631E-03 6.4592279494E-02 120 60 -90 7.8043237329E-02
2018-08-15T20:13:28.3 33.52 -116.8 12.5 6.6183996387E-03 6.6183999181E-02 120 60 0 8.4929279983E-02
2018-08-15T20:24:57.55 33.52 -116.82 7.5 6.6006029956E-03 6.6006027162E-02 150 90 60 9.3718409538E-02
2018-08-15T20:26:01.2 33.5 -116.76 7.5 6.6989110783E-03 6.6989108920E-02 0 90 -60 9.3084566295E-02
2018-08-15T20:29:27.13 33.48 -116.8 7.5 6.6196387634E-03 6.6196389496E-02 60 60 -30 8.2881622016E-02
2018-08-15T20:33:53.11 33.5 -116.8 2.5 7.0236404426E-03 7.0236407220E-02 270 60 -30 9.3366041780E-02
2018-08-15T20:35:47.38 33.52 -116.86 12.5 6.5645785071E-03 6.5645784140E-02 30 60 60 7.3843538761E-02
2018-08-15T20:40:48.62 33.56 -116.86 2.5 6.8267816678E-03 6.8267814815E-02 90 30 0 7.6277300715E-02
2018-08-15T20:46:39.21 33.54 -116.72 12.5 6.5916520543E-03 6.5916523337E-02 150 30 30 9.2104569077E-02
2018-08-15T21:03:28.81 33.54 -116.78 2.5 6.7919818684E-03 6.7919820547E-02 120 30 -90 7.6790519059E-02
2018-08-15T21:04:22.05 33.48 -116.78 7.5 6.9578816183E-03 6.9578818977E-02 90 60 -30 8.5432358086E-02
2018-08-15T21:08:56.93 33.54 -116.76 12.5 6.5535213798E-03 6.5535217524E-02 120 60 -30 7.2810478508E-02
2018-08-15T21:17:55.34 33.5 -116.76 7.5 6.4984587952E-03 6.4984589815E-02 90 30 90 7.6048977673E-02
2018-08-15T21:30:35.81 33.54 -116.72 12.5 6.5357009880E-03 6.5357007086E-02 0 90 -30 8.0757461488E-02
2018-08-15T21:40:03.83 33.48 -116.82 2.5 7.1237483062E-03 7.1237482131E-02 60 30 -30 1.0836072266E-01
2018-08-15T21:45:52.14 33.56 -116.78 7.5 6.9025224075E-03 6.9025225937E-02 90 90 60 8.8349714875E-02
2018-08-15T21:50:41.5 33.46 -116.82 7.5 6.8017779849E-03 6.8017780781E-02 90 60 -30 9.0766772628E-02
2018-08-15T21:54:38.1 33.44 -116.86 12.5 6.7011984065E-03 6.7011982203E-02 60 60 0 7.6686255634E-02
2018-08-15T22:04:47.16 33.46 -116.84 12.5 6.6331559792E-03 6.6331557930E-02 300 30 -60 7.8062236309E-02
2018-08-15T22:11:27.35 33.5 -116.78 7.5 6.6109029576E-03 6.6109031439E-02 240 60 30 9.5886319876E-02
2018-08-15T22:13:36.66 33.56 -116.72 12.5 6.6351550631E-03 6.6351547837E-02 30 90 0 8.4109529853E-02
2018-08-15T22:14:27.66 33.5 -116.74 2.5 6.8525089882E-03 6.8525090814E-02 0 90 -60 1.0035073757E-01
2018-08-15T22:18:08.92 33.46 -116.72 12.5 7.0229694247E-03 7.0229694247E-02 210 60 -30 8.0509819090E-02
2018-08-15T22:19:36.3 33.56 -116.72 12.5 6.6351564601E-03 6.6351562738E-02 120 90 0 8.7514549494E-02
2018-08-15T22:35:11.05 33.5 -116.76 7.5 6.4863106236E-03 6.4863108099E-02 90 30 -60 8.8581636548E-02
2018-08-15T22:37:57.69 33.4 -116.76 17.5 6.5634748898E-03 6.5634749830E-02 120 30 90 7.4463270605E-02
2018-08-15T22:40:22.99 33.48 -116.78 7.5 6.9408658892E-03 6.9408655167E-02 150 30 -90 8.4509693086E-02
2018-08-15T22:41:59.5 33.56 -116.72 12.5 6.6125425510E-03 6.6125422716E-02 120 90 30 8.5383221507E-02
2018-08-15T22:45:33.26 33.44 -116.8 7.5 6.9451457821E-03 6.9451458752E-02 90 90 0 7.6526075602E-02
2018-08-15T22:56:52.29 33.54 -116.74 7.5 6.7248367704E-03 6.7248366773E-02 120 60 -30 7.4463441968E-02
2018-08-15T22:57:05.2 33.5 -116.78 7.5 6.7215533927E-03 6.7215532064E-02 180 30 0 8.7858475745E-02
2018-08-15T23:01:01.2 33.52 -116.78 12.5 6.6362437792E-03 6.6362440586E-02 30 90 60 9.2723891139E-02
2018-08-15T23:03:27.91 33.56 -116.72 12.5 6.6351550631E-03 6.6351547837E-02 30 90 0 7.7199324965E-02
2018-08-15T23:04:45.67 33.48 -116.78 2.5 6.9933659397E-03 6.9933660328E-02 180 30 -30 8.8743001223E-02
2018-08-15T23:08:21.29 33.54 -116.74 12.5 6.6366032697E-03 6.6366031766E-02 30 90 -30 7.4286453426E-02
2018-08-15T23:10:18.93 33.52 -116.76 7.5 6.8076471798E-03 6.8076469004E-02 0 30 90 7.6168417931E-02
2018-08-15T23:14:57.98 33.5 -116.8 7.5 6.8554910831E-03 6.8554908037E-02 30 30 0 8.4981143475E-02
2018-08-15T23:16:08.31 33.4 -116.82 7.5 6.7225066014E-03 6.7225068808E-02 60 60 90 7.7537447214E-02
2018-08-15T23:18:18.89 33.5 -116.82 17.5 6.6611436196E-03 6.6611438990E-02 150 90 -60 7.5909212232E-02
2018-08-15T23:18:32.78 33.54 -116.82 12.5 6.6881771199E-03 6.6881768405E-02 30 30 -30 8.2572825253E-02
2018-08-15T23:20:43.59 33.5 -116.72 12.5 6.6002919339E-03 6.6002920270E-02 0 90 0 8.0149322748E-02
2018-08-15T23:28:20.4 33.48 -116.76 2.5 6.8847574294E-03 6.8847574294E-02 90 60 -90 9.6465513110E-02
2018-08-15T23:38:47.59 33.44 -116.82 7.5 6.9763706997E-03 6.9763705134E-02 0 90 -60 8.5571110249E-02
2018-08-15T23:49:00.81 33.44 -116.76 12.5 6.5213064663E-03 6.5213061869E-02 240 30 60 8.6524099112E-02
2018-08-15T23:54:21.59 33.56 -116.72 7.5 6.8920548074E-03 6.8920545280E-02 0 60 -60 1.0375621915E-01
2018-08-15T23:55:20.29 33.52 -116.76 12.5 6.6552390344E-03 6.6552393138E-02 30 30 -90 8.1289991736E-02
2018-08-15T23:59:08.84 33.5 -116.76 7.5 6.5733604133E-03 6.5733604133E-02 60 60 -30 1.1700207740E-01
2018-08-15T23:59:30.64 33.54 -116.74 12.5 6.7136492580E-03 6.7136496305E-02 30 30 -90 7.4258729815E-02
